Maximum,149.7,@,No.1101,,,,,,
Minimum,-0.2,@,No.2222,,,,,,
Average,73.11,,,,,,,,
Data Quantity,2237,,,,,,,,
Number of NG,0,,,,,,,,
No.,Force,Unit,Displacement,Unit,Judge,Position,Time,Date,
1,0.2,gf,0.000,mm,OK,--,9:23:53 PM,5/25/2022,
2,0.1,gf,0.000,mm,OK,--,9:23:53 PM,5/25/2022,
3,0.0,gf,0.000,mm,OK,--,9:23:53 PM,5/25/2022,
4,0.3,gf,0.000,mm,OK,--,9:23:53 PM,5/25/2022,
5,0.1,gf,0.000,mm,OK,--,9:23:53 PM,5/25/2022,
6,0.1,gf,0.000,mm,OK,--,9:23:53 PM,5/25/2022,
7,0.1,gf,0.000,mm,OK,--,9:23:53 PM,5/25/2022,
8,-0.1,gf,0.000,mm,OK,--,9:23:53 PM,5/25/2022,
9,0.1,gf,0.000,mm,OK,--,9:23:54 PM,5/25/2022,
10,0.2,gf,0.000,mm,OK,--,9:23:54 PM,5/25/2022,
11,0.1,gf,0.000,mm,OK,--,9:23:54 PM,5/25/2022,
12,-0.1,gf,0.000,mm,OK,--,9:23:54 PM,5/25/2022,
13,0.0,gf,0.000,mm,OK,--,9:23:54 PM,5/25/2022,
14,0.0,gf,0.000,mm,OK,--,9:23:54 PM,5/25/2022,
15,0.2,gf,0.000,mm,OK,--,9:23:54 PM,5/25/2022,
16,0.0,gf,0.000,mm,OK,--,9:23:54 PM,5/25/2022,
17,0.0,gf,0.000,mm,OK,--,9:23:54 PM,5/25/2022,
18,0.0,gf,0.000,mm,OK,--,9:23:54 PM,5/25/2022,
19,0.1,gf,0.005,mm,OK,--,9:23:55 PM,5/25/2022,
20,0.1,gf,0.005,mm,OK,--,9:23:55 PM,5/25/2022,
21,0.0,gf,0.015,mm,OK,--,9:23:55 PM,5/25/2022,
22,-0.1,gf,0.030,mm,OK,--,9:23:55 PM,5/25/2022,
23,0.1,gf,0.060,mm,OK,--,9:23:55 PM,5/25/2022,
24,0.1,gf,0.090,mm,OK,--,9:23:55 PM,5/25/2022,
25,0.0,gf,0.105,mm,OK,--,9:23:55 PM,5/25/2022,
26,-0.1,gf,0.120,mm,OK,--,9:23:55 PM,5/25/2022,
27,0.0,gf,0.135,mm,OK,--,9:23:55 PM,5/25/2022,
28,0.1,gf,0.155,mm,OK,--,9:23:55 PM,5/25/2022,
29,0.0,gf,0.160,mm,OK,--,9:23:56 PM,5/25/2022,
30,0.1,gf,0.170,mm,OK,--,9:23:56 PM,5/25/2022,
31,0.0,gf,0.175,mm,OK,--,9:23:56 PM,5/25/2022,
32,0.0,gf,0.180,mm,OK,--,9:23:56 PM,5/25/2022,
33,0.0,gf,0.185,mm,OK,--,9:23:56 PM,5/25/2022,
34,0.1,gf,0.190,mm,OK,--,9:23:56 PM,5/25/2022,
35,-0.1,gf,0.195,mm,OK,--,9:23:56 PM,5/25/2022,
36,0.0,gf,0.200,mm,OK,--,9:23:56 PM,5/25/2022,
37,0.0,gf,0.210,mm,OK,--,9:23:56 PM,5/25/2022,
38,0.1,gf,0.215,mm,OK,--,9:23:56 PM,5/25/2022,
39,0.0,gf,0.220,mm,OK,--,9:23:57 PM,5/25/2022,
40,-0.1,gf,0.230,mm,OK,--,9:23:57 PM,5/25/2022,
41,0.1,gf,0.235,mm,OK,--,9:23:57 PM,5/25/2022,
42,0.2,gf,0.245,mm,OK,--,9:23:57 PM,5/25/2022,
43,0.0,gf,0.255,mm,OK,--,9:23:57 PM,5/25/2022,
44,-0.1,gf,0.260,mm,OK,--,9:23:57 PM,5/25/2022,
45,0.0,gf,0.270,mm,OK,--,9:23:57 PM,5/25/2022,
46,0.1,gf,0.275,mm,OK,--,9:23:57 PM,5/25/2022,
47,-0.1,gf,0.285,mm,OK,--,9:23:57 PM,5/25/2022,
48,-0.1,gf,0.290,mm,OK,--,9:23:57 PM,5/25/2022,
49,-0.1,gf,0.295,mm,OK,--,9:23:58 PM,5/25/2022,
50,0.0,gf,0.300,mm,OK,--,9:23:58 PM,5/25/2022,
51,0.1,gf,0.310,mm,OK,--,9:23:58 PM,5/25/2022,
52,0.1,gf,0.315,mm,OK,--,9:23:58 PM,5/25/2022,
53,0.0,gf,0.320,mm,OK,--,9:23:58 PM,5/25/2022,
54,0.0,gf,0.330,mm,OK,--,9:23:58 PM,5/25/2022,
55,0.1,gf,0.340,mm,OK,--,9:23:58 PM,5/25/2022,
56,0.1,gf,0.345,mm,OK,--,9:23:58 PM,5/25/2022,
57,0.0,gf,0.355,mm,OK,--,9:23:58 PM,5/25/2022,
58,-0.1,gf,0.365,mm,OK,--,9:23:58 PM,5/25/2022,
59,0.1,gf,0.375,mm,OK,--,9:23:59 PM,5/25/2022,
60,0.1,gf,0.380,mm,OK,--,9:23:59 PM,5/25/2022,
61,0.0,gf,0.390,mm,OK,--,9:23:59 PM,5/25/2022,
62,-0.1,gf,0.400,mm,OK,--,9:23:59 PM,5/25/2022,
63,0.0,gf,0.405,mm,OK,--,9:23:59 PM,5/25/2022,
64,0.2,gf,0.410,mm,OK,--,9:23:59 PM,5/25/2022,
65,0.0,gf,0.420,mm,OK,--,9:23:59 PM,5/25/2022,
66,0.1,gf,0.425,mm,OK,--,9:23:59 PM,5/25/2022,
67,4.4,gf,0.435,mm,OK,--,9:23:59 PM,5/25/2022,
68,9.3,gf,0.440,mm,OK,--,9:23:59 PM,5/25/2022,
69,14.6,gf,0.445,mm,OK,--,9:24:00 PM,5/25/2022,
70,19.1,gf,0.450,mm,OK,--,9:24:00 PM,5/25/2022,
71,22.6,gf,0.455,mm,OK,--,9:24:00 PM,5/25/2022,
72,26.7,gf,0.455,mm,OK,--,9:24:00 PM,5/25/2022,
73,30.2,gf,0.460,mm,OK,--,9:24:00 PM,5/25/2022,
74,33.5,gf,0.465,mm,OK,--,9:24:00 PM,5/25/2022,
75,36.2,gf,0.465,mm,OK,--,9:24:00 PM,5/25/2022,
76,39.3,gf,0.470,mm,OK,--,9:24:00 PM,5/25/2022,
77,42.5,gf,0.475,mm,OK,--,9:24:00 PM,5/25/2022,
78,44.9,gf,0.475,mm,OK,--,9:24:00 PM,5/25/2022,
79,47.2,gf,0.480,mm,OK,--,9:24:01 PM,5/25/2022,
80,50.4,gf,0.480,mm,OK,--,9:24:01 PM,5/25/2022,
81,52.3,gf,0.485,mm,OK,--,9:24:01 PM,5/25/2022,
82,54.0,gf,0.485,mm,OK,--,9:24:01 PM,5/25/2022,
83,56.2,gf,0.490,mm,OK,--,9:24:01 PM,5/25/2022,
84,56.7,gf,0.490,mm,OK,--,9:24:01 PM,5/25/2022,
85,57.2,gf,0.495,mm,OK,--,9:24:01 PM,5/25/2022,
86,57.8,gf,0.495,mm,OK,--,9:24:01 PM,5/25/2022,
87,58.2,gf,0.500,mm,OK,--,9:24:01 PM,5/25/2022,
88,58.6,gf,0.500,mm,OK,--,9:24:01 PM,5/25/2022,
89,58.8,gf,0.505,mm,OK,--,9:24:02 PM,5/25/2022,
90,58.6,gf,0.505,mm,OK,--,9:24:02 PM,5/25/2022,
91,58.8,gf,0.510,mm,OK,--,9:24:02 PM,5/25/2022,
92,58.9,gf,0.510,mm,OK,--,9:24:02 PM,5/25/2022,
93,59.0,gf,0.515,mm,OK,--,9:24:02 PM,5/25/2022,
94,58.8,gf,0.520,mm,OK,--,9:24:02 PM,5/25/2022,
95,58.9,gf,0.525,mm,OK,--,9:24:02 PM,5/25/2022,
96,59.4,gf,0.530,mm,OK,--,9:24:02 PM,5/25/2022,
97,59.6,gf,0.535,mm,OK,--,9:24:02 PM,5/25/2022,
98,59.5,gf,0.545,mm,OK,--,9:24:02 PM,5/25/2022,
99,59.6,gf,0.550,mm,OK,--,9:24:03 PM,5/25/2022,
100,59.9,gf,0.555,mm,OK,--,9:24:03 PM,5/25/2022,
101,59.7,gf,0.560,mm,OK,--,9:24:03 PM,5/25/2022,
102,59.7,gf,0.570,mm,OK,--,9:24:03 PM,5/25/2022,
103,59.6,gf,0.575,mm,OK,--,9:24:03 PM,5/25/2022,
104,59.6,gf,0.580,mm,OK,--,9:24:03 PM,5/25/2022,
105,59.6,gf,0.585,mm,OK,--,9:24:03 PM,5/25/2022,
106,59.7,gf,0.590,mm,OK,--,9:24:03 PM,5/25/2022,
107,59.7,gf,0.595,mm,OK,--,9:24:03 PM,5/25/2022,
108,59.5,gf,0.600,mm,OK,--,9:24:03 PM,5/25/2022,
109,59.5,gf,0.605,mm,OK,--,9:24:04 PM,5/25/2022,
110,59.5,gf,0.610,mm,OK,--,9:24:04 PM,5/25/2022,
111,59.6,gf,0.610,mm,OK,--,9:24:04 PM,5/25/2022,
112,59.6,gf,0.615,mm,OK,--,9:24:04 PM,5/25/2022,
113,59.7,gf,0.620,mm,OK,--,9:24:04 PM,5/25/2022,
114,59.7,gf,0.620,mm,OK,--,9:24:04 PM,5/25/2022,
115,59.8,gf,0.625,mm,OK,--,9:24:04 PM,5/25/2022,
116,59.8,gf,0.625,mm,OK,--,9:24:04 PM,5/25/2022,
117,59.7,gf,0.630,mm,OK,--,9:24:04 PM,5/25/2022,
118,59.9,gf,0.630,mm,OK,--,9:24:04 PM,5/25/2022,
119,59.9,gf,0.630,mm,OK,--,9:24:05 PM,5/25/2022,
120,60.0,gf,0.635,mm,OK,--,9:24:05 PM,5/25/2022,
121,60.1,gf,0.635,mm,OK,--,9:24:05 PM,5/25/2022,
122,60.0,gf,0.640,mm,OK,--,9:24:05 PM,5/25/2022,
123,60.0,gf,0.640,mm,OK,--,9:24:05 PM,5/25/2022,
124,59.9,gf,0.645,mm,OK,--,9:24:05 PM,5/25/2022,
125,59.9,gf,0.645,mm,OK,--,9:24:05 PM,5/25/2022,
126,59.9,gf,0.650,mm,OK,--,9:24:05 PM,5/25/2022,
127,59.9,gf,0.650,mm,OK,--,9:24:05 PM,5/25/2022,
128,59.9,gf,0.655,mm,OK,--,9:24:05 PM,5/25/2022,
129,59.9,gf,0.655,mm,OK,--,9:24:06 PM,5/25/2022,
130,60.0,gf,0.655,mm,OK,--,9:24:06 PM,5/25/2022,
131,60.2,gf,0.660,mm,OK,--,9:24:06 PM,5/25/2022,
132,60.2,gf,0.665,mm,OK,--,9:24:06 PM,5/25/2022,
133,60.4,gf,0.665,mm,OK,--,9:24:06 PM,5/25/2022,
134,60.6,gf,0.670,mm,OK,--,9:24:06 PM,5/25/2022,
135,60.6,gf,0.675,mm,OK,--,9:24:06 PM,5/25/2022,
136,60.6,gf,0.680,mm,OK,--,9:24:06 PM,5/25/2022,
137,60.5,gf,0.680,mm,OK,--,9:24:06 PM,5/25/2022,
138,60.8,gf,0.685,mm,OK,--,9:24:06 PM,5/25/2022,
139,60.9,gf,0.690,mm,OK,--,9:24:07 PM,5/25/2022,
140,61.0,gf,0.690,mm,OK,--,9:24:07 PM,5/25/2022,
141,61.1,gf,0.695,mm,OK,--,9:24:07 PM,5/25/2022,
142,61.2,gf,0.700,mm,OK,--,9:24:07 PM,5/25/2022,
143,61.2,gf,0.705,mm,OK,--,9:24:07 PM,5/25/2022,
144,61.2,gf,0.705,mm,OK,--,9:24:07 PM,5/25/2022,
145,61.3,gf,0.710,mm,OK,--,9:24:07 PM,5/25/2022,
146,61.3,gf,0.715,mm,OK,--,9:24:07 PM,5/25/2022,
147,61.3,gf,0.720,mm,OK,--,9:24:07 PM,5/25/2022,
148,61.3,gf,0.730,mm,OK,--,9:24:07 PM,5/25/2022,
149,61.4,gf,0.730,mm,OK,--,9:24:08 PM,5/25/2022,
150,61.3,gf,0.735,mm,OK,--,9:24:08 PM,5/25/2022,
151,61.2,gf,0.740,mm,OK,--,9:24:08 PM,5/25/2022,
152,61.1,gf,0.745,mm,OK,--,9:24:08 PM,5/25/2022,
153,61.2,gf,0.750,mm,OK,--,9:24:08 PM,5/25/2022,
154,61.1,gf,0.755,mm,OK,--,9:24:08 PM,5/25/2022,
155,61.0,gf,0.760,mm,OK,--,9:24:08 PM,5/25/2022,
156,61.0,gf,0.760,mm,OK,--,9:24:08 PM,5/25/2022,
157,61.1,gf,0.765,mm,OK,--,9:24:08 PM,5/25/2022,
158,61.2,gf,0.770,mm,OK,--,9:24:08 PM,5/25/2022,
159,61.2,gf,0.770,mm,OK,--,9:24:09 PM,5/25/2022,
160,61.2,gf,0.775,mm,OK,--,9:24:09 PM,5/25/2022,
161,61.2,gf,0.780,mm,OK,--,9:24:09 PM,5/25/2022,
162,61.0,gf,0.790,mm,OK,--,9:24:09 PM,5/25/2022,
163,61.3,gf,0.795,mm,OK,--,9:24:09 PM,5/25/2022,
164,61.5,gf,0.800,mm,OK,--,9:24:09 PM,5/25/2022,
165,61.7,gf,0.800,mm,OK,--,9:24:09 PM,5/25/2022,
166,61.7,gf,0.810,mm,OK,--,9:24:09 PM,5/25/2022,
167,62.0,gf,0.810,mm,OK,--,9:24:09 PM,5/25/2022,
168,62.0,gf,0.815,mm,OK,--,9:24:09 PM,5/25/2022,
169,62.2,gf,0.820,mm,OK,--,9:24:10 PM,5/25/2022,
170,62.0,gf,0.825,mm,OK,--,9:24:10 PM,5/25/2022,
171,62.0,gf,0.825,mm,OK,--,9:24:10 PM,5/25/2022,
172,62.1,gf,0.830,mm,OK,--,9:24:10 PM,5/25/2022,
173,62.1,gf,0.835,mm,OK,--,9:24:10 PM,5/25/2022,
174,62.2,gf,0.840,mm,OK,--,9:24:10 PM,5/25/2022,
175,62.3,gf,0.845,mm,OK,--,9:24:10 PM,5/25/2022,
176,62.4,gf,0.845,mm,OK,--,9:24:10 PM,5/25/2022,
177,62.3,gf,0.850,mm,OK,--,9:24:10 PM,5/25/2022,
178,62.3,gf,0.855,mm,OK,--,9:24:10 PM,5/25/2022,
179,62.5,gf,0.860,mm,OK,--,9:24:11 PM,5/25/2022,
180,62.6,gf,0.865,mm,OK,--,9:24:11 PM,5/25/2022,
181,62.6,gf,0.870,mm,OK,--,9:24:11 PM,5/25/2022,
182,62.7,gf,0.875,mm,OK,--,9:24:11 PM,5/25/2022,
183,62.7,gf,0.880,mm,OK,--,9:24:11 PM,5/25/2022,
184,62.5,gf,0.885,mm,OK,--,9:24:11 PM,5/25/2022,
185,62.4,gf,0.890,mm,OK,--,9:24:11 PM,5/25/2022,
186,62.4,gf,0.895,mm,OK,--,9:24:11 PM,5/25/2022,
187,62.6,gf,0.900,mm,OK,--,9:24:11 PM,5/25/2022,
188,62.6,gf,0.900,mm,OK,--,9:24:11 PM,5/25/2022,
189,62.6,gf,0.905,mm,OK,--,9:24:12 PM,5/25/2022,
190,62.6,gf,0.910,mm,OK,--,9:24:12 PM,5/25/2022,
191,62.6,gf,0.910,mm,OK,--,9:24:12 PM,5/25/2022,
192,62.7,gf,0.915,mm,OK,--,9:24:12 PM,5/25/2022,
193,62.7,gf,0.920,mm,OK,--,9:24:12 PM,5/25/2022,
194,62.7,gf,0.925,mm,OK,--,9:24:12 PM,5/25/2022,
195,62.5,gf,0.930,mm,OK,--,9:24:12 PM,5/25/2022,
196,62.5,gf,0.935,mm,OK,--,9:24:12 PM,5/25/2022,
197,62.5,gf,0.940,mm,OK,--,9:24:12 PM,5/25/2022,
198,62.7,gf,0.945,mm,OK,--,9:24:12 PM,5/25/2022,
199,62.8,gf,0.950,mm,OK,--,9:24:13 PM,5/25/2022,
200,62.8,gf,0.955,mm,OK,--,9:24:13 PM,5/25/2022,
201,62.9,gf,0.960,mm,OK,--,9:24:13 PM,5/25/2022,
202,62.9,gf,0.965,mm,OK,--,9:24:13 PM,5/25/2022,
203,62.8,gf,0.970,mm,OK,--,9:24:13 PM,5/25/2022,
204,63.0,gf,0.975,mm,OK,--,9:24:13 PM,5/25/2022,
205,63.1,gf,0.980,mm,OK,--,9:24:13 PM,5/25/2022,
206,63.0,gf,0.985,mm,OK,--,9:24:13 PM,5/25/2022,
207,63.0,gf,0.990,mm,OK,--,9:24:13 PM,5/25/2022,
208,63.1,gf,0.995,mm,OK,--,9:24:13 PM,5/25/2022,
209,63.2,gf,0.995,mm,OK,--,9:24:14 PM,5/25/2022,
210,63.3,gf,1.000,mm,OK,--,9:24:14 PM,5/25/2022,
211,63.2,gf,1.005,mm,OK,--,9:24:14 PM,5/25/2022,
212,63.3,gf,1.005,mm,OK,--,9:24:14 PM,5/25/2022,
213,63.3,gf,1.010,mm,OK,--,9:24:14 PM,5/25/2022,
214,63.4,gf,1.015,mm,OK,--,9:24:14 PM,5/25/2022,
215,63.3,gf,1.015,mm,OK,--,9:24:14 PM,5/25/2022,
216,63.3,gf,1.020,mm,OK,--,9:24:14 PM,5/25/2022,
217,63.4,gf,1.025,mm,OK,--,9:24:14 PM,5/25/2022,
218,63.4,gf,1.030,mm,OK,--,9:24:14 PM,5/25/2022,
219,63.4,gf,1.035,mm,OK,--,9:24:15 PM,5/25/2022,
220,63.6,gf,1.045,mm,OK,--,9:24:15 PM,5/25/2022,
221,63.6,gf,1.050,mm,OK,--,9:24:15 PM,5/25/2022,
222,63.6,gf,1.055,mm,OK,--,9:24:15 PM,5/25/2022,
223,63.7,gf,1.060,mm,OK,--,9:24:15 PM,5/25/2022,
224,63.6,gf,1.065,mm,OK,--,9:24:15 PM,5/25/2022,
225,63.8,gf,1.070,mm,OK,--,9:24:15 PM,5/25/2022,
226,63.8,gf,1.075,mm,OK,--,9:24:15 PM,5/25/2022,
227,63.9,gf,1.080,mm,OK,--,9:24:15 PM,5/25/2022,
228,63.8,gf,1.085,mm,OK,--,9:24:15 PM,5/25/2022,
229,63.8,gf,1.090,mm,OK,--,9:24:16 PM,5/25/2022,
230,63.8,gf,1.095,mm,OK,--,9:24:16 PM,5/25/2022,
231,63.9,gf,1.095,mm,OK,--,9:24:16 PM,5/25/2022,
232,63.8,gf,1.100,mm,OK,--,9:24:16 PM,5/25/2022,
233,63.7,gf,1.105,mm,OK,--,9:24:16 PM,5/25/2022,
234,64.0,gf,1.110,mm,OK,--,9:24:16 PM,5/25/2022,
235,64.1,gf,1.110,mm,OK,--,9:24:16 PM,5/25/2022,
236,64.0,gf,1.115,mm,OK,--,9:24:16 PM,5/25/2022,
237,64.0,gf,1.120,mm,OK,--,9:24:16 PM,5/25/2022,
238,64.0,gf,1.120,mm,OK,--,9:24:16 PM,5/25/2022,
239,63.9,gf,1.125,mm,OK,--,9:24:17 PM,5/25/2022,
240,64.0,gf,1.130,mm,OK,--,9:24:17 PM,5/25/2022,
241,64.1,gf,1.135,mm,OK,--,9:24:17 PM,5/25/2022,
242,64.1,gf,1.135,mm,OK,--,9:24:17 PM,5/25/2022,
243,64.2,gf,1.140,mm,OK,--,9:24:17 PM,5/25/2022,
244,64.2,gf,1.140,mm,OK,--,9:24:17 PM,5/25/2022,
245,64.2,gf,1.145,mm,OK,--,9:24:17 PM,5/25/2022,
246,64.2,gf,1.145,mm,OK,--,9:24:17 PM,5/25/2022,
247,64.2,gf,1.150,mm,OK,--,9:24:17 PM,5/25/2022,
248,64.3,gf,1.150,mm,OK,--,9:24:17 PM,5/25/2022,
249,64.0,gf,1.155,mm,OK,--,9:24:18 PM,5/25/2022,
250,64.1,gf,1.165,mm,OK,--,9:24:18 PM,5/25/2022,
251,64.1,gf,1.170,mm,OK,--,9:24:18 PM,5/25/2022,
252,64.2,gf,1.175,mm,OK,--,9:24:18 PM,5/25/2022,
253,64.3,gf,1.180,mm,OK,--,9:24:18 PM,5/25/2022,
254,64.4,gf,1.180,mm,OK,--,9:24:18 PM,5/25/2022,
255,64.5,gf,1.185,mm,OK,--,9:24:18 PM,5/25/2022,
256,64.5,gf,1.185,mm,OK,--,9:24:18 PM,5/25/2022,
257,64.5,gf,1.190,mm,OK,--,9:24:18 PM,5/25/2022,
258,64.5,gf,1.190,mm,OK,--,9:24:18 PM,5/25/2022,
259,64.5,gf,1.195,mm,OK,--,9:24:19 PM,5/25/2022,
260,64.5,gf,1.195,mm,OK,--,9:24:19 PM,5/25/2022,
261,64.5,gf,1.200,mm,OK,--,9:24:19 PM,5/25/2022,
262,64.5,gf,1.200,mm,OK,--,9:24:19 PM,5/25/2022,
263,64.6,gf,1.200,mm,OK,--,9:24:19 PM,5/25/2022,
264,64.6,gf,1.205,mm,OK,--,9:24:19 PM,5/25/2022,
265,64.5,gf,1.210,mm,OK,--,9:24:19 PM,5/25/2022,
266,64.5,gf,1.210,mm,OK,--,9:24:19 PM,5/25/2022,
267,64.5,gf,1.215,mm,OK,--,9:24:19 PM,5/25/2022,
268,64.5,gf,1.215,mm,OK,--,9:24:19 PM,5/25/2022,
269,64.6,gf,1.215,mm,OK,--,9:24:20 PM,5/25/2022,
270,64.7,gf,1.220,mm,OK,--,9:24:20 PM,5/25/2022,
271,64.8,gf,1.220,mm,OK,--,9:24:20 PM,5/25/2022,
272,64.6,gf,1.225,mm,OK,--,9:24:20 PM,5/25/2022,
273,64.6,gf,1.225,mm,OK,--,9:24:20 PM,5/25/2022,
274,64.6,gf,1.230,mm,OK,--,9:24:20 PM,5/25/2022,
275,64.6,gf,1.235,mm,OK,--,9:24:20 PM,5/25/2022,
276,64.6,gf,1.240,mm,OK,--,9:24:20 PM,5/25/2022,
277,64.6,gf,1.245,mm,OK,--,9:24:20 PM,5/25/2022,
278,64.7,gf,1.250,mm,OK,--,9:24:20 PM,5/25/2022,
279,64.7,gf,1.255,mm,OK,--,9:24:21 PM,5/25/2022,
280,64.6,gf,1.255,mm,OK,--,9:24:21 PM,5/25/2022,
281,64.8,gf,1.255,mm,OK,--,9:24:21 PM,5/25/2022,
282,64.8,gf,1.260,mm,OK,--,9:24:21 PM,5/25/2022,
283,64.8,gf,1.260,mm,OK,--,9:24:21 PM,5/25/2022,
284,64.8,gf,1.265,mm,OK,--,9:24:21 PM,5/25/2022,
285,64.8,gf,1.265,mm,OK,--,9:24:21 PM,5/25/2022,
286,64.8,gf,1.270,mm,OK,--,9:24:21 PM,5/25/2022,
287,64.8,gf,1.270,mm,OK,--,9:24:21 PM,5/25/2022,
288,64.8,gf,1.270,mm,OK,--,9:24:21 PM,5/25/2022,
289,64.9,gf,1.275,mm,OK,--,9:24:22 PM,5/25/2022,
290,64.9,gf,1.275,mm,OK,--,9:24:22 PM,5/25/2022,
291,65.0,gf,1.275,mm,OK,--,9:24:22 PM,5/25/2022,
292,64.9,gf,1.280,mm,OK,--,9:24:22 PM,5/25/2022,
293,65.0,gf,1.280,mm,OK,--,9:24:22 PM,5/25/2022,
294,65.0,gf,1.280,mm,OK,--,9:24:22 PM,5/25/2022,
295,65.1,gf,1.285,mm,OK,--,9:24:22 PM,5/25/2022,
296,65.1,gf,1.285,mm,OK,--,9:24:22 PM,5/25/2022,
297,65.1,gf,1.285,mm,OK,--,9:24:22 PM,5/25/2022,
298,65.1,gf,1.290,mm,OK,--,9:24:22 PM,5/25/2022,
299,65.1,gf,1.290,mm,OK,--,9:24:23 PM,5/25/2022,
300,65.2,gf,1.295,mm,OK,--,9:24:23 PM,5/25/2022,
301,65.3,gf,1.295,mm,OK,--,9:24:23 PM,5/25/2022,
302,65.3,gf,1.295,mm,OK,--,9:24:23 PM,5/25/2022,
303,65.4,gf,1.300,mm,OK,--,9:24:23 PM,5/25/2022,
304,65.4,gf,1.300,mm,OK,--,9:24:23 PM,5/25/2022,
305,65.3,gf,1.300,mm,OK,--,9:24:23 PM,5/25/2022,
306,65.4,gf,1.300,mm,OK,--,9:24:23 PM,5/25/2022,
307,65.3,gf,1.305,mm,OK,--,9:24:23 PM,5/25/2022,
308,65.5,gf,1.305,mm,OK,--,9:24:23 PM,5/25/2022,
309,65.3,gf,1.305,mm,OK,--,9:24:24 PM,5/25/2022,
310,65.2,gf,1.305,mm,OK,--,9:24:24 PM,5/25/2022,
311,65.4,gf,1.305,mm,OK,--,9:24:24 PM,5/25/2022,
312,65.4,gf,1.305,mm,OK,--,9:24:24 PM,5/25/2022,
313,65.6,gf,1.305,mm,OK,--,9:24:24 PM,5/25/2022,
314,65.6,gf,1.305,mm,OK,--,9:24:24 PM,5/25/2022,
315,65.6,gf,1.310,mm,OK,--,9:24:24 PM,5/25/2022,
316,65.5,gf,1.310,mm,OK,--,9:24:24 PM,5/25/2022,
317,65.5,gf,1.310,mm,OK,--,9:24:24 PM,5/25/2022,
318,65.5,gf,1.310,mm,OK,--,9:24:24 PM,5/25/2022,
319,65.6,gf,1.315,mm,OK,--,9:24:25 PM,5/25/2022,
320,65.4,gf,1.315,mm,OK,--,9:24:25 PM,5/25/2022,
321,65.3,gf,1.315,mm,OK,--,9:24:25 PM,5/25/2022,
322,65.6,gf,1.315,mm,OK,--,9:24:25 PM,5/25/2022,
323,65.7,gf,1.320,mm,OK,--,9:24:25 PM,5/25/2022,
324,65.8,gf,1.320,mm,OK,--,9:24:25 PM,5/25/2022,
325,65.7,gf,1.320,mm,OK,--,9:24:25 PM,5/25/2022,
326,65.7,gf,1.325,mm,OK,--,9:24:25 PM,5/25/2022,
327,65.7,gf,1.325,mm,OK,--,9:24:25 PM,5/25/2022,
328,65.5,gf,1.330,mm,OK,--,9:24:25 PM,5/25/2022,
329,65.4,gf,1.330,mm,OK,--,9:24:26 PM,5/25/2022,
330,65.5,gf,1.335,mm,OK,--,9:24:26 PM,5/25/2022,
331,65.5,gf,1.335,mm,OK,--,9:24:26 PM,5/25/2022,
332,65.4,gf,1.340,mm,OK,--,9:24:26 PM,5/25/2022,
333,65.4,gf,1.345,mm,OK,--,9:24:26 PM,5/25/2022,
334,65.5,gf,1.350,mm,OK,--,9:24:26 PM,5/25/2022,
335,65.5,gf,1.350,mm,OK,--,9:24:26 PM,5/25/2022,
336,65.6,gf,1.355,mm,OK,--,9:24:26 PM,5/25/2022,
337,65.5,gf,1.360,mm,OK,--,9:24:26 PM,5/25/2022,
338,65.6,gf,1.365,mm,OK,--,9:24:26 PM,5/25/2022,
339,65.6,gf,1.370,mm,OK,--,9:24:27 PM,5/25/2022,
340,65.7,gf,1.375,mm,OK,--,9:24:27 PM,5/25/2022,
341,65.8,gf,1.380,mm,OK,--,9:24:27 PM,5/25/2022,
342,65.8,gf,1.385,mm,OK,--,9:24:27 PM,5/25/2022,
343,65.8,gf,1.390,mm,OK,--,9:24:27 PM,5/25/2022,
344,65.8,gf,1.395,mm,OK,--,9:24:27 PM,5/25/2022,
345,65.8,gf,1.400,mm,OK,--,9:24:27 PM,5/25/2022,
346,65.8,gf,1.405,mm,OK,--,9:24:27 PM,5/25/2022,
347,65.8,gf,1.410,mm,OK,--,9:24:27 PM,5/25/2022,
348,65.9,gf,1.415,mm,OK,--,9:24:27 PM,5/25/2022,
349,66.0,gf,1.420,mm,OK,--,9:24:28 PM,5/25/2022,
350,66.0,gf,1.425,mm,OK,--,9:24:28 PM,5/25/2022,
351,66.0,gf,1.430,mm,OK,--,9:24:28 PM,5/25/2022,
352,66.1,gf,1.435,mm,OK,--,9:24:28 PM,5/25/2022,
353,66.2,gf,1.445,mm,OK,--,9:24:28 PM,5/25/2022,
354,66.3,gf,1.450,mm,OK,--,9:24:28 PM,5/25/2022,
355,66.4,gf,1.460,mm,OK,--,9:24:28 PM,5/25/2022,
356,66.4,gf,1.465,mm,OK,--,9:24:28 PM,5/25/2022,
357,66.5,gf,1.470,mm,OK,--,9:24:28 PM,5/25/2022,
358,66.5,gf,1.475,mm,OK,--,9:24:28 PM,5/25/2022,
359,66.4,gf,1.480,mm,OK,--,9:24:29 PM,5/25/2022,
360,66.5,gf,1.485,mm,OK,--,9:24:29 PM,5/25/2022,
361,66.6,gf,1.490,mm,OK,--,9:24:29 PM,5/25/2022,
362,66.7,gf,1.495,mm,OK,--,9:24:29 PM,5/25/2022,
363,66.7,gf,1.500,mm,OK,--,9:24:29 PM,5/25/2022,
364,66.9,gf,1.505,mm,OK,--,9:24:29 PM,5/25/2022,
365,67.0,gf,1.505,mm,OK,--,9:24:29 PM,5/25/2022,
366,67.0,gf,1.510,mm,OK,--,9:24:29 PM,5/25/2022,
367,66.9,gf,1.515,mm,OK,--,9:24:29 PM,5/25/2022,
368,67.0,gf,1.520,mm,OK,--,9:24:29 PM,5/25/2022,
369,67.0,gf,1.525,mm,OK,--,9:24:30 PM,5/25/2022,
370,67.1,gf,1.530,mm,OK,--,9:24:30 PM,5/25/2022,
371,67.0,gf,1.535,mm,OK,--,9:24:30 PM,5/25/2022,
372,67.3,gf,1.540,mm,OK,--,9:24:30 PM,5/25/2022,
373,67.3,gf,1.545,mm,OK,--,9:24:30 PM,5/25/2022,
374,67.2,gf,1.550,mm,OK,--,9:24:30 PM,5/25/2022,
375,67.3,gf,1.555,mm,OK,--,9:24:30 PM,5/25/2022,
376,67.4,gf,1.555,mm,OK,--,9:24:30 PM,5/25/2022,
377,67.5,gf,1.560,mm,OK,--,9:24:30 PM,5/25/2022,
378,67.4,gf,1.565,mm,OK,--,9:24:30 PM,5/25/2022,
379,67.3,gf,1.570,mm,OK,--,9:24:31 PM,5/25/2022,
380,67.3,gf,1.575,mm,OK,--,9:24:31 PM,5/25/2022,
381,67.4,gf,1.580,mm,OK,--,9:24:31 PM,5/25/2022,
382,67.4,gf,1.585,mm,OK,--,9:24:31 PM,5/25/2022,
383,67.5,gf,1.585,mm,OK,--,9:24:31 PM,5/25/2022,
384,67.6,gf,1.590,mm,OK,--,9:24:31 PM,5/25/2022,
385,67.7,gf,1.590,mm,OK,--,9:24:31 PM,5/25/2022,
386,67.7,gf,1.595,mm,OK,--,9:24:31 PM,5/25/2022,
387,67.7,gf,1.605,mm,OK,--,9:24:31 PM,5/25/2022,
388,67.7,gf,1.610,mm,OK,--,9:24:31 PM,5/25/2022,
389,67.8,gf,1.615,mm,OK,--,9:24:32 PM,5/25/2022,
390,67.9,gf,1.620,mm,OK,--,9:24:32 PM,5/25/2022,
391,67.9,gf,1.625,mm,OK,--,9:24:32 PM,5/25/2022,
392,68.1,gf,1.630,mm,OK,--,9:24:32 PM,5/25/2022,
393,68.0,gf,1.635,mm,OK,--,9:24:32 PM,5/25/2022,
394,68.0,gf,1.635,mm,OK,--,9:24:32 PM,5/25/2022,
395,67.9,gf,1.640,mm,OK,--,9:24:32 PM,5/25/2022,
396,68.1,gf,1.640,mm,OK,--,9:24:32 PM,5/25/2022,
397,68.1,gf,1.645,mm,OK,--,9:24:32 PM,5/25/2022,
398,68.1,gf,1.650,mm,OK,--,9:24:32 PM,5/25/2022,
399,68.2,gf,1.650,mm,OK,--,9:24:33 PM,5/25/2022,
400,68.2,gf,1.655,mm,OK,--,9:24:33 PM,5/25/2022,
401,68.2,gf,1.655,mm,OK,--,9:24:33 PM,5/25/2022,
402,68.2,gf,1.655,mm,OK,--,9:24:33 PM,5/25/2022,
403,68.4,gf,1.660,mm,OK,--,9:24:33 PM,5/25/2022,
404,68.3,gf,1.660,mm,OK,--,9:24:33 PM,5/25/2022,
405,68.3,gf,1.665,mm,OK,--,9:24:33 PM,5/25/2022,
406,68.3,gf,1.665,mm,OK,--,9:24:33 PM,5/25/2022,
407,68.3,gf,1.670,mm,OK,--,9:24:33 PM,5/25/2022,
408,68.4,gf,1.670,mm,OK,--,9:24:33 PM,5/25/2022,
409,68.3,gf,1.675,mm,OK,--,9:24:34 PM,5/25/2022,
410,68.4,gf,1.680,mm,OK,--,9:24:34 PM,5/25/2022,
411,68.4,gf,1.680,mm,OK,--,9:24:34 PM,5/25/2022,
412,68.2,gf,1.685,mm,OK,--,9:24:34 PM,5/25/2022,
413,68.4,gf,1.690,mm,OK,--,9:24:34 PM,5/25/2022,
414,68.4,gf,1.690,mm,OK,--,9:24:34 PM,5/25/2022,
415,68.5,gf,1.695,mm,OK,--,9:24:34 PM,5/25/2022,
416,68.5,gf,1.700,mm,OK,--,9:24:34 PM,5/25/2022,
417,68.5,gf,1.700,mm,OK,--,9:24:34 PM,5/25/2022,
418,68.6,gf,1.705,mm,OK,--,9:24:34 PM,5/25/2022,
419,68.7,gf,1.705,mm,OK,--,9:24:35 PM,5/25/2022,
420,68.7,gf,1.710,mm,OK,--,9:24:35 PM,5/25/2022,
421,68.7,gf,1.715,mm,OK,--,9:24:35 PM,5/25/2022,
422,68.8,gf,1.715,mm,OK,--,9:24:35 PM,5/25/2022,
423,68.8,gf,1.720,mm,OK,--,9:24:35 PM,5/25/2022,
424,68.8,gf,1.725,mm,OK,--,9:24:35 PM,5/25/2022,
425,68.9,gf,1.725,mm,OK,--,9:24:35 PM,5/25/2022,
426,68.9,gf,1.730,mm,OK,--,9:24:35 PM,5/25/2022,
427,69.0,gf,1.735,mm,OK,--,9:24:35 PM,5/25/2022,
428,69.0,gf,1.735,mm,OK,--,9:24:35 PM,5/25/2022,
429,69.1,gf,1.740,mm,OK,--,9:24:36 PM,5/25/2022,
430,69.1,gf,1.745,mm,OK,--,9:24:36 PM,5/25/2022,
431,69.1,gf,1.745,mm,OK,--,9:24:36 PM,5/25/2022,
432,69.2,gf,1.750,mm,OK,--,9:24:36 PM,5/25/2022,
433,69.1,gf,1.755,mm,OK,--,9:24:36 PM,5/25/2022,
434,69.1,gf,1.765,mm,OK,--,9:24:36 PM,5/25/2022,
435,69.3,gf,1.775,mm,OK,--,9:24:36 PM,5/25/2022,
436,69.4,gf,1.780,mm,OK,--,9:24:36 PM,5/25/2022,
437,69.4,gf,1.790,mm,OK,--,9:24:36 PM,5/25/2022,
438,69.6,gf,1.795,mm,OK,--,9:24:36 PM,5/25/2022,
439,69.7,gf,1.795,mm,OK,--,9:24:37 PM,5/25/2022,
440,69.8,gf,1.800,mm,OK,--,9:24:37 PM,5/25/2022,
441,69.8,gf,1.805,mm,OK,--,9:24:37 PM,5/25/2022,
442,69.9,gf,1.810,mm,OK,--,9:24:37 PM,5/25/2022,
443,70.0,gf,1.820,mm,OK,--,9:24:37 PM,5/25/2022,
444,70.2,gf,1.825,mm,OK,--,9:24:37 PM,5/25/2022,
445,70.1,gf,1.830,mm,OK,--,9:24:37 PM,5/25/2022,
446,70.2,gf,1.835,mm,OK,--,9:24:37 PM,5/25/2022,
447,70.4,gf,1.840,mm,OK,--,9:24:37 PM,5/25/2022,
448,70.5,gf,1.845,mm,OK,--,9:24:37 PM,5/25/2022,
449,70.4,gf,1.850,mm,OK,--,9:24:38 PM,5/25/2022,
450,70.3,gf,1.865,mm,OK,--,9:24:38 PM,5/25/2022,
451,70.3,gf,1.880,mm,OK,--,9:24:38 PM,5/25/2022,
452,70.4,gf,1.890,mm,OK,--,9:24:38 PM,5/25/2022,
453,70.4,gf,1.895,mm,OK,--,9:24:38 PM,5/25/2022,
454,70.5,gf,1.905,mm,OK,--,9:24:38 PM,5/25/2022,
455,70.5,gf,1.915,mm,OK,--,9:24:38 PM,5/25/2022,
456,70.6,gf,1.925,mm,OK,--,9:24:38 PM,5/25/2022,
457,70.8,gf,1.930,mm,OK,--,9:24:38 PM,5/25/2022,
458,70.9,gf,1.940,mm,OK,--,9:24:38 PM,5/25/2022,
459,70.9,gf,1.945,mm,OK,--,9:24:39 PM,5/25/2022,
460,71.0,gf,1.950,mm,OK,--,9:24:39 PM,5/25/2022,
461,71.0,gf,1.955,mm,OK,--,9:24:39 PM,5/25/2022,
462,71.0,gf,1.960,mm,OK,--,9:24:39 PM,5/25/2022,
463,71.1,gf,1.965,mm,OK,--,9:24:39 PM,5/25/2022,
464,71.2,gf,1.970,mm,OK,--,9:24:39 PM,5/25/2022,
465,71.1,gf,1.975,mm,OK,--,9:24:39 PM,5/25/2022,
466,71.1,gf,1.980,mm,OK,--,9:24:39 PM,5/25/2022,
467,71.1,gf,1.985,mm,OK,--,9:24:39 PM,5/25/2022,
468,71.2,gf,1.990,mm,OK,--,9:24:39 PM,5/25/2022,
469,71.2,gf,1.995,mm,OK,--,9:24:40 PM,5/25/2022,
470,71.2,gf,2.000,mm,OK,--,9:24:40 PM,5/25/2022,
471,71.4,gf,2.005,mm,OK,--,9:24:40 PM,5/25/2022,
472,71.3,gf,2.005,mm,OK,--,9:24:40 PM,5/25/2022,
473,71.4,gf,2.010,mm,OK,--,9:24:40 PM,5/25/2022,
474,71.5,gf,2.015,mm,OK,--,9:24:40 PM,5/25/2022,
475,71.5,gf,2.015,mm,OK,--,9:24:40 PM,5/25/2022,
476,71.5,gf,2.020,mm,OK,--,9:24:40 PM,5/25/2022,
477,71.6,gf,2.025,mm,OK,--,9:24:40 PM,5/25/2022,
478,71.5,gf,2.030,mm,OK,--,9:24:40 PM,5/25/2022,
479,71.6,gf,2.030,mm,OK,--,9:24:41 PM,5/25/2022,
480,71.5,gf,2.035,mm,OK,--,9:24:41 PM,5/25/2022,
481,71.5,gf,2.040,mm,OK,--,9:24:41 PM,5/25/2022,
482,71.6,gf,2.040,mm,OK,--,9:24:41 PM,5/25/2022,
483,71.5,gf,2.045,mm,OK,--,9:24:41 PM,5/25/2022,
484,71.6,gf,2.050,mm,OK,--,9:24:41 PM,5/25/2022,
485,71.7,gf,2.055,mm,OK,--,9:24:41 PM,5/25/2022,
486,71.7,gf,2.055,mm,OK,--,9:24:41 PM,5/25/2022,
487,71.8,gf,2.060,mm,OK,--,9:24:41 PM,5/25/2022,
488,71.8,gf,2.065,mm,OK,--,9:24:41 PM,5/25/2022,
489,71.8,gf,2.065,mm,OK,--,9:24:42 PM,5/25/2022,
490,71.8,gf,2.070,mm,OK,--,9:24:42 PM,5/25/2022,
491,71.9,gf,2.075,mm,OK,--,9:24:42 PM,5/25/2022,
492,71.8,gf,2.080,mm,OK,--,9:24:42 PM,5/25/2022,
493,72.0,gf,2.080,mm,OK,--,9:24:42 PM,5/25/2022,
494,72.0,gf,2.085,mm,OK,--,9:24:42 PM,5/25/2022,
495,72.0,gf,2.090,mm,OK,--,9:24:42 PM,5/25/2022,
496,71.9,gf,2.095,mm,OK,--,9:24:42 PM,5/25/2022,
497,72.0,gf,2.100,mm,OK,--,9:24:42 PM,5/25/2022,
498,72.1,gf,2.100,mm,OK,--,9:24:42 PM,5/25/2022,
499,72.1,gf,2.105,mm,OK,--,9:24:43 PM,5/25/2022,
500,72.2,gf,2.110,mm,OK,--,9:24:43 PM,5/25/2022,
501,72.3,gf,2.115,mm,OK,--,9:24:43 PM,5/25/2022,
502,72.2,gf,2.120,mm,OK,--,9:24:43 PM,5/25/2022,
503,72.2,gf,2.120,mm,OK,--,9:24:43 PM,5/25/2022,
504,72.3,gf,2.125,mm,OK,--,9:24:43 PM,5/25/2022,
505,72.3,gf,2.130,mm,OK,--,9:24:43 PM,5/25/2022,
506,72.5,gf,2.130,mm,OK,--,9:24:43 PM,5/25/2022,
507,72.4,gf,2.135,mm,OK,--,9:24:43 PM,5/25/2022,
508,72.4,gf,2.140,mm,OK,--,9:24:43 PM,5/25/2022,
509,72.4,gf,2.145,mm,OK,--,9:24:44 PM,5/25/2022,
510,72.4,gf,2.150,mm,OK,--,9:24:44 PM,5/25/2022,
511,72.5,gf,2.150,mm,OK,--,9:24:44 PM,5/25/2022,
512,72.5,gf,2.155,mm,OK,--,9:24:44 PM,5/25/2022,
513,72.5,gf,2.160,mm,OK,--,9:24:44 PM,5/25/2022,
514,72.6,gf,2.165,mm,OK,--,9:24:44 PM,5/25/2022,
515,72.7,gf,2.165,mm,OK,--,9:24:44 PM,5/25/2022,
516,72.5,gf,2.175,mm,OK,--,9:24:44 PM,5/25/2022,
517,72.5,gf,2.180,mm,OK,--,9:24:44 PM,5/25/2022,
518,72.5,gf,2.185,mm,OK,--,9:24:44 PM,5/25/2022,
519,72.7,gf,2.190,mm,OK,--,9:24:45 PM,5/25/2022,
520,72.7,gf,2.195,mm,OK,--,9:24:45 PM,5/25/2022,
521,72.8,gf,2.200,mm,OK,--,9:24:45 PM,5/25/2022,
522,72.7,gf,2.205,mm,OK,--,9:24:45 PM,5/25/2022,
523,72.6,gf,2.210,mm,OK,--,9:24:45 PM,5/25/2022,
524,72.7,gf,2.215,mm,OK,--,9:24:45 PM,5/25/2022,
525,72.7,gf,2.220,mm,OK,--,9:24:45 PM,5/25/2022,
526,72.8,gf,2.225,mm,OK,--,9:24:45 PM,5/25/2022,
527,72.9,gf,2.230,mm,OK,--,9:24:45 PM,5/25/2022,
528,72.9,gf,2.235,mm,OK,--,9:24:45 PM,5/25/2022,
529,73.0,gf,2.240,mm,OK,--,9:24:46 PM,5/25/2022,
530,73.0,gf,2.245,mm,OK,--,9:24:46 PM,5/25/2022,
531,73.2,gf,2.245,mm,OK,--,9:24:46 PM,5/25/2022,
532,73.2,gf,2.250,mm,OK,--,9:24:46 PM,5/25/2022,
533,73.1,gf,2.255,mm,OK,--,9:24:46 PM,5/25/2022,
534,73.1,gf,2.260,mm,OK,--,9:24:46 PM,5/25/2022,
535,73.1,gf,2.260,mm,OK,--,9:24:46 PM,5/25/2022,
536,73.2,gf,2.265,mm,OK,--,9:24:46 PM,5/25/2022,
537,73.3,gf,2.270,mm,OK,--,9:24:46 PM,5/25/2022,
538,73.2,gf,2.270,mm,OK,--,9:24:46 PM,5/25/2022,
539,73.3,gf,2.275,mm,OK,--,9:24:47 PM,5/25/2022,
540,73.3,gf,2.275,mm,OK,--,9:24:47 PM,5/25/2022,
541,73.3,gf,2.280,mm,OK,--,9:24:47 PM,5/25/2022,
542,73.3,gf,2.280,mm,OK,--,9:24:47 PM,5/25/2022,
543,73.3,gf,2.285,mm,OK,--,9:24:47 PM,5/25/2022,
544,73.3,gf,2.290,mm,OK,--,9:24:47 PM,5/25/2022,
545,73.2,gf,2.290,mm,OK,--,9:24:47 PM,5/25/2022,
546,73.3,gf,2.295,mm,OK,--,9:24:47 PM,5/25/2022,
547,73.3,gf,2.295,mm,OK,--,9:24:47 PM,5/25/2022,
548,73.5,gf,2.300,mm,OK,--,9:24:47 PM,5/25/2022,
549,73.5,gf,2.305,mm,OK,--,9:24:48 PM,5/25/2022,
550,73.4,gf,2.310,mm,OK,--,9:24:48 PM,5/25/2022,
551,73.4,gf,2.315,mm,OK,--,9:24:48 PM,5/25/2022,
552,73.4,gf,2.320,mm,OK,--,9:24:48 PM,5/25/2022,
553,73.4,gf,2.325,mm,OK,--,9:24:48 PM,5/25/2022,
554,73.3,gf,2.330,mm,OK,--,9:24:48 PM,5/25/2022,
555,73.5,gf,2.335,mm,OK,--,9:24:48 PM,5/25/2022,
556,73.6,gf,2.340,mm,OK,--,9:24:48 PM,5/25/2022,
557,73.6,gf,2.350,mm,OK,--,9:24:48 PM,5/25/2022,
558,73.6,gf,2.355,mm,OK,--,9:24:48 PM,5/25/2022,
559,73.7,gf,2.355,mm,OK,--,9:24:49 PM,5/25/2022,
560,73.7,gf,2.360,mm,OK,--,9:24:49 PM,5/25/2022,
561,73.8,gf,2.365,mm,OK,--,9:24:49 PM,5/25/2022,
562,73.9,gf,2.370,mm,OK,--,9:24:49 PM,5/25/2022,
563,73.9,gf,2.380,mm,OK,--,9:24:49 PM,5/25/2022,
564,73.9,gf,2.385,mm,OK,--,9:24:49 PM,5/25/2022,
565,74.2,gf,2.390,mm,OK,--,9:24:49 PM,5/25/2022,
566,74.4,gf,2.395,mm,OK,--,9:24:49 PM,5/25/2022,
567,74.2,gf,2.400,mm,OK,--,9:24:49 PM,5/25/2022,
568,74.5,gf,2.400,mm,OK,--,9:24:49 PM,5/25/2022,
569,74.4,gf,2.410,mm,OK,--,9:24:50 PM,5/25/2022,
570,74.3,gf,2.420,mm,OK,--,9:24:50 PM,5/25/2022,
571,74.2,gf,2.420,mm,OK,--,9:24:50 PM,5/25/2022,
572,74.5,gf,2.420,mm,OK,--,9:24:50 PM,5/25/2022,
573,74.6,gf,2.425,mm,OK,--,9:24:50 PM,5/25/2022,
574,74.7,gf,2.430,mm,OK,--,9:24:50 PM,5/25/2022,
575,74.7,gf,2.440,mm,OK,--,9:24:50 PM,5/25/2022,
576,74.8,gf,2.450,mm,OK,--,9:24:50 PM,5/25/2022,
577,74.9,gf,2.455,mm,OK,--,9:24:50 PM,5/25/2022,
578,74.9,gf,2.465,mm,OK,--,9:24:50 PM,5/25/2022,
579,75.1,gf,2.475,mm,OK,--,9:24:51 PM,5/25/2022,
580,75.2,gf,2.485,mm,OK,--,9:24:51 PM,5/25/2022,
581,75.3,gf,2.495,mm,OK,--,9:24:51 PM,5/25/2022,
582,75.4,gf,2.505,mm,OK,--,9:24:51 PM,5/25/2022,
583,75.6,gf,2.510,mm,OK,--,9:24:51 PM,5/25/2022,
584,75.6,gf,2.515,mm,OK,--,9:24:51 PM,5/25/2022,
585,75.7,gf,2.520,mm,OK,--,9:24:51 PM,5/25/2022,
586,75.9,gf,2.530,mm,OK,--,9:24:51 PM,5/25/2022,
587,75.8,gf,2.535,mm,OK,--,9:24:51 PM,5/25/2022,
588,76.0,gf,2.545,mm,OK,--,9:24:51 PM,5/25/2022,
589,76.0,gf,2.550,mm,OK,--,9:24:52 PM,5/25/2022,
590,76.1,gf,2.555,mm,OK,--,9:24:52 PM,5/25/2022,
591,76.2,gf,2.560,mm,OK,--,9:24:52 PM,5/25/2022,
592,76.3,gf,2.560,mm,OK,--,9:24:52 PM,5/25/2022,
593,76.4,gf,2.565,mm,OK,--,9:24:52 PM,5/25/2022,
594,76.4,gf,2.570,mm,OK,--,9:24:52 PM,5/25/2022,
595,76.3,gf,2.575,mm,OK,--,9:24:52 PM,5/25/2022,
596,76.3,gf,2.575,mm,OK,--,9:24:52 PM,5/25/2022,
597,76.4,gf,2.580,mm,OK,--,9:24:52 PM,5/25/2022,
598,76.4,gf,2.585,mm,OK,--,9:24:52 PM,5/25/2022,
599,76.4,gf,2.590,mm,OK,--,9:24:53 PM,5/25/2022,
600,76.5,gf,2.590,mm,OK,--,9:24:53 PM,5/25/2022,
601,76.6,gf,2.595,mm,OK,--,9:24:53 PM,5/25/2022,
602,76.6,gf,2.600,mm,OK,--,9:24:53 PM,5/25/2022,
603,76.7,gf,2.600,mm,OK,--,9:24:53 PM,5/25/2022,
604,76.7,gf,2.605,mm,OK,--,9:24:53 PM,5/25/2022,
605,76.7,gf,2.605,mm,OK,--,9:24:53 PM,5/25/2022,
606,76.8,gf,2.610,mm,OK,--,9:24:53 PM,5/25/2022,
607,76.7,gf,2.610,mm,OK,--,9:24:53 PM,5/25/2022,
608,76.7,gf,2.615,mm,OK,--,9:24:53 PM,5/25/2022,
609,76.7,gf,2.620,mm,OK,--,9:24:54 PM,5/25/2022,
610,76.8,gf,2.620,mm,OK,--,9:24:54 PM,5/25/2022,
611,76.9,gf,2.625,mm,OK,--,9:24:54 PM,5/25/2022,
612,76.8,gf,2.630,mm,OK,--,9:24:54 PM,5/25/2022,
613,76.8,gf,2.630,mm,OK,--,9:24:54 PM,5/25/2022,
614,77.0,gf,2.635,mm,OK,--,9:24:54 PM,5/25/2022,
615,77.0,gf,2.635,mm,OK,--,9:24:54 PM,5/25/2022,
616,77.0,gf,2.640,mm,OK,--,9:24:54 PM,5/25/2022,
617,77.0,gf,2.640,mm,OK,--,9:24:54 PM,5/25/2022,
618,77.0,gf,2.645,mm,OK,--,9:24:54 PM,5/25/2022,
619,77.0,gf,2.645,mm,OK,--,9:24:55 PM,5/25/2022,
620,77.1,gf,2.645,mm,OK,--,9:24:55 PM,5/25/2022,
621,77.0,gf,2.650,mm,OK,--,9:24:55 PM,5/25/2022,
622,77.1,gf,2.650,mm,OK,--,9:24:55 PM,5/25/2022,
623,77.1,gf,2.655,mm,OK,--,9:24:55 PM,5/25/2022,
624,77.1,gf,2.655,mm,OK,--,9:24:55 PM,5/25/2022,
625,77.1,gf,2.655,mm,OK,--,9:24:55 PM,5/25/2022,
626,77.1,gf,2.660,mm,OK,--,9:24:55 PM,5/25/2022,
627,77.0,gf,2.660,mm,OK,--,9:24:55 PM,5/25/2022,
628,77.0,gf,2.660,mm,OK,--,9:24:55 PM,5/25/2022,
629,77.0,gf,2.665,mm,OK,--,9:24:56 PM,5/25/2022,
630,77.1,gf,2.665,mm,OK,--,9:24:56 PM,5/25/2022,
631,77.2,gf,2.670,mm,OK,--,9:24:56 PM,5/25/2022,
632,77.1,gf,2.675,mm,OK,--,9:24:56 PM,5/25/2022,
633,77.2,gf,2.675,mm,OK,--,9:24:56 PM,5/25/2022,
634,77.2,gf,2.680,mm,OK,--,9:24:56 PM,5/25/2022,
635,77.2,gf,2.680,mm,OK,--,9:24:56 PM,5/25/2022,
636,77.2,gf,2.685,mm,OK,--,9:24:56 PM,5/25/2022,
637,77.4,gf,2.690,mm,OK,--,9:24:56 PM,5/25/2022,
638,77.3,gf,2.690,mm,OK,--,9:24:56 PM,5/25/2022,
639,77.3,gf,2.695,mm,OK,--,9:24:57 PM,5/25/2022,
640,77.3,gf,2.695,mm,OK,--,9:24:57 PM,5/25/2022,
641,77.3,gf,2.700,mm,OK,--,9:24:57 PM,5/25/2022,
642,77.3,gf,2.700,mm,OK,--,9:24:57 PM,5/25/2022,
643,77.3,gf,2.705,mm,OK,--,9:24:57 PM,5/25/2022,
644,77.3,gf,2.705,mm,OK,--,9:24:57 PM,5/25/2022,
645,77.3,gf,2.705,mm,OK,--,9:24:57 PM,5/25/2022,
646,77.4,gf,2.705,mm,OK,--,9:24:57 PM,5/25/2022,
647,77.4,gf,2.710,mm,OK,--,9:24:57 PM,5/25/2022,
648,77.4,gf,2.710,mm,OK,--,9:24:57 PM,5/25/2022,
649,77.4,gf,2.710,mm,OK,--,9:24:58 PM,5/25/2022,
650,77.4,gf,2.715,mm,OK,--,9:24:58 PM,5/25/2022,
651,77.4,gf,2.715,mm,OK,--,9:24:58 PM,5/25/2022,
652,77.4,gf,2.715,mm,OK,--,9:24:58 PM,5/25/2022,
653,77.5,gf,2.720,mm,OK,--,9:24:58 PM,5/25/2022,
654,77.4,gf,2.720,mm,OK,--,9:24:58 PM,5/25/2022,
655,77.5,gf,2.720,mm,OK,--,9:24:58 PM,5/25/2022,
656,77.5,gf,2.720,mm,OK,--,9:24:58 PM,5/25/2022,
657,77.5,gf,2.725,mm,OK,--,9:24:58 PM,5/25/2022,
658,77.5,gf,2.725,mm,OK,--,9:24:58 PM,5/25/2022,
659,77.5,gf,2.725,mm,OK,--,9:24:59 PM,5/25/2022,
660,77.5,gf,2.725,mm,OK,--,9:24:59 PM,5/25/2022,
661,77.6,gf,2.725,mm,OK,--,9:24:59 PM,5/25/2022,
662,77.6,gf,2.730,mm,OK,--,9:24:59 PM,5/25/2022,
663,77.6,gf,2.730,mm,OK,--,9:24:59 PM,5/25/2022,
664,77.6,gf,2.730,mm,OK,--,9:24:59 PM,5/25/2022,
665,77.6,gf,2.730,mm,OK,--,9:24:59 PM,5/25/2022,
666,77.5,gf,2.730,mm,OK,--,9:24:59 PM,5/25/2022,
667,77.5,gf,2.730,mm,OK,--,9:24:59 PM,5/25/2022,
668,77.5,gf,2.735,mm,OK,--,9:24:59 PM,5/25/2022,
669,77.5,gf,2.735,mm,OK,--,9:25:00 PM,5/25/2022,
670,77.5,gf,2.735,mm,OK,--,9:25:00 PM,5/25/2022,
671,77.5,gf,2.735,mm,OK,--,9:25:00 PM,5/25/2022,
672,77.5,gf,2.735,mm,OK,--,9:25:00 PM,5/25/2022,
673,77.5,gf,2.735,mm,OK,--,9:25:00 PM,5/25/2022,
674,77.5,gf,2.740,mm,OK,--,9:25:00 PM,5/25/2022,
675,77.5,gf,2.740,mm,OK,--,9:25:00 PM,5/25/2022,
676,77.5,gf,2.740,mm,OK,--,9:25:00 PM,5/25/2022,
677,77.5,gf,2.740,mm,OK,--,9:25:00 PM,5/25/2022,
678,77.5,gf,2.740,mm,OK,--,9:25:00 PM,5/25/2022,
679,77.5,gf,2.745,mm,OK,--,9:25:01 PM,5/25/2022,
680,77.5,gf,2.745,mm,OK,--,9:25:01 PM,5/25/2022,
681,77.5,gf,2.745,mm,OK,--,9:25:01 PM,5/25/2022,
682,77.6,gf,2.750,mm,OK,--,9:25:01 PM,5/25/2022,
683,77.5,gf,2.750,mm,OK,--,9:25:01 PM,5/25/2022,
684,77.5,gf,2.750,mm,OK,--,9:25:01 PM,5/25/2022,
685,77.5,gf,2.750,mm,OK,--,9:25:01 PM,5/25/2022,
686,77.5,gf,2.755,mm,OK,--,9:25:01 PM,5/25/2022,
687,77.6,gf,2.755,mm,OK,--,9:25:01 PM,5/25/2022,
688,77.5,gf,2.755,mm,OK,--,9:25:01 PM,5/25/2022,
689,77.6,gf,2.755,mm,OK,--,9:25:02 PM,5/25/2022,
690,77.6,gf,2.760,mm,OK,--,9:25:02 PM,5/25/2022,
691,77.6,gf,2.760,mm,OK,--,9:25:02 PM,5/25/2022,
692,77.5,gf,2.760,mm,OK,--,9:25:02 PM,5/25/2022,
693,77.5,gf,2.765,mm,OK,--,9:25:02 PM,5/25/2022,
694,77.6,gf,2.765,mm,OK,--,9:25:02 PM,5/25/2022,
695,77.5,gf,2.765,mm,OK,--,9:25:02 PM,5/25/2022,
696,77.5,gf,2.770,mm,OK,--,9:25:02 PM,5/25/2022,
697,77.5,gf,2.770,mm,OK,--,9:25:02 PM,5/25/2022,
698,77.6,gf,2.775,mm,OK,--,9:25:02 PM,5/25/2022,
699,77.5,gf,2.775,mm,OK,--,9:25:03 PM,5/25/2022,
700,77.7,gf,2.780,mm,OK,--,9:25:03 PM,5/25/2022,
701,77.6,gf,2.785,mm,OK,--,9:25:03 PM,5/25/2022,
702,77.7,gf,2.785,mm,OK,--,9:25:03 PM,5/25/2022,
703,77.8,gf,2.790,mm,OK,--,9:25:03 PM,5/25/2022,
704,77.8,gf,2.795,mm,OK,--,9:25:03 PM,5/25/2022,
705,77.9,gf,2.795,mm,OK,--,9:25:03 PM,5/25/2022,
706,77.9,gf,2.800,mm,OK,--,9:25:03 PM,5/25/2022,
707,77.9,gf,2.805,mm,OK,--,9:25:03 PM,5/25/2022,
708,77.9,gf,2.805,mm,OK,--,9:25:03 PM,5/25/2022,
709,78.1,gf,2.810,mm,OK,--,9:25:04 PM,5/25/2022,
710,78.0,gf,2.810,mm,OK,--,9:25:04 PM,5/25/2022,
711,78.1,gf,2.815,mm,OK,--,9:25:04 PM,5/25/2022,
712,78.1,gf,2.820,mm,OK,--,9:25:04 PM,5/25/2022,
713,78.2,gf,2.820,mm,OK,--,9:25:04 PM,5/25/2022,
714,78.2,gf,2.825,mm,OK,--,9:25:04 PM,5/25/2022,
715,78.2,gf,2.825,mm,OK,--,9:25:04 PM,5/25/2022,
716,78.3,gf,2.830,mm,OK,--,9:25:04 PM,5/25/2022,
717,78.3,gf,2.830,mm,OK,--,9:25:04 PM,5/25/2022,
718,78.4,gf,2.830,mm,OK,--,9:25:04 PM,5/25/2022,
719,78.3,gf,2.835,mm,OK,--,9:25:05 PM,5/25/2022,
720,78.4,gf,2.835,mm,OK,--,9:25:05 PM,5/25/2022,
721,78.4,gf,2.835,mm,OK,--,9:25:05 PM,5/25/2022,
722,78.5,gf,2.840,mm,OK,--,9:25:05 PM,5/25/2022,
723,78.4,gf,2.840,mm,OK,--,9:25:05 PM,5/25/2022,
724,78.5,gf,2.840,mm,OK,--,9:25:05 PM,5/25/2022,
725,78.5,gf,2.845,mm,OK,--,9:25:05 PM,5/25/2022,
726,78.5,gf,2.845,mm,OK,--,9:25:05 PM,5/25/2022,
727,78.6,gf,2.845,mm,OK,--,9:25:05 PM,5/25/2022,
728,78.6,gf,2.845,mm,OK,--,9:25:05 PM,5/25/2022,
729,78.6,gf,2.850,mm,OK,--,9:25:06 PM,5/25/2022,
730,78.6,gf,2.850,mm,OK,--,9:25:06 PM,5/25/2022,
731,78.7,gf,2.850,mm,OK,--,9:25:06 PM,5/25/2022,
732,78.6,gf,2.855,mm,OK,--,9:25:06 PM,5/25/2022,
733,78.7,gf,2.860,mm,OK,--,9:25:06 PM,5/25/2022,
734,78.7,gf,2.860,mm,OK,--,9:25:06 PM,5/25/2022,
735,78.8,gf,2.865,mm,OK,--,9:25:06 PM,5/25/2022,
736,78.8,gf,2.865,mm,OK,--,9:25:06 PM,5/25/2022,
737,78.9,gf,2.870,mm,OK,--,9:25:06 PM,5/25/2022,
738,79.0,gf,2.875,mm,OK,--,9:25:06 PM,5/25/2022,
739,79.0,gf,2.880,mm,OK,--,9:25:07 PM,5/25/2022,
740,79.1,gf,2.885,mm,OK,--,9:25:07 PM,5/25/2022,
741,79.2,gf,2.890,mm,OK,--,9:25:07 PM,5/25/2022,
742,79.2,gf,2.895,mm,OK,--,9:25:07 PM,5/25/2022,
743,79.3,gf,2.895,mm,OK,--,9:25:07 PM,5/25/2022,
744,79.4,gf,2.900,mm,OK,--,9:25:07 PM,5/25/2022,
745,79.4,gf,2.910,mm,OK,--,9:25:07 PM,5/25/2022,
746,79.5,gf,2.910,mm,OK,--,9:25:07 PM,5/25/2022,
747,79.5,gf,2.915,mm,OK,--,9:25:07 PM,5/25/2022,
748,79.5,gf,2.915,mm,OK,--,9:25:07 PM,5/25/2022,
749,79.6,gf,2.920,mm,OK,--,9:25:08 PM,5/25/2022,
750,79.6,gf,2.925,mm,OK,--,9:25:08 PM,5/25/2022,
751,79.8,gf,2.930,mm,OK,--,9:25:08 PM,5/25/2022,
752,79.8,gf,2.935,mm,OK,--,9:25:08 PM,5/25/2022,
753,79.8,gf,2.940,mm,OK,--,9:25:08 PM,5/25/2022,
754,80.0,gf,2.940,mm,OK,--,9:25:08 PM,5/25/2022,
755,79.9,gf,2.945,mm,OK,--,9:25:08 PM,5/25/2022,
756,80.1,gf,2.950,mm,OK,--,9:25:08 PM,5/25/2022,
757,80.2,gf,2.960,mm,OK,--,9:25:08 PM,5/25/2022,
758,80.2,gf,2.960,mm,OK,--,9:25:08 PM,5/25/2022,
759,80.1,gf,2.960,mm,OK,--,9:25:09 PM,5/25/2022,
760,80.3,gf,2.965,mm,OK,--,9:25:09 PM,5/25/2022,
761,80.3,gf,2.970,mm,OK,--,9:25:09 PM,5/25/2022,
762,80.4,gf,2.970,mm,OK,--,9:25:09 PM,5/25/2022,
763,80.3,gf,2.970,mm,OK,--,9:25:09 PM,5/25/2022,
764,80.4,gf,2.975,mm,OK,--,9:25:09 PM,5/25/2022,
765,80.5,gf,2.980,mm,OK,--,9:25:09 PM,5/25/2022,
766,80.5,gf,2.985,mm,OK,--,9:25:09 PM,5/25/2022,
767,80.6,gf,2.985,mm,OK,--,9:25:09 PM,5/25/2022,
768,80.6,gf,2.990,mm,OK,--,9:25:09 PM,5/25/2022,
769,80.7,gf,2.995,mm,OK,--,9:25:10 PM,5/25/2022,
770,80.7,gf,2.995,mm,OK,--,9:25:10 PM,5/25/2022,
771,80.8,gf,3.000,mm,OK,--,9:25:10 PM,5/25/2022,
772,80.8,gf,3.005,mm,OK,--,9:25:10 PM,5/25/2022,
773,80.8,gf,3.010,mm,OK,--,9:25:10 PM,5/25/2022,
774,80.8,gf,3.010,mm,OK,--,9:25:10 PM,5/25/2022,
775,80.9,gf,3.015,mm,OK,--,9:25:10 PM,5/25/2022,
776,81.0,gf,3.020,mm,OK,--,9:25:10 PM,5/25/2022,
777,81.1,gf,3.025,mm,OK,--,9:25:10 PM,5/25/2022,
778,81.2,gf,3.030,mm,OK,--,9:25:10 PM,5/25/2022,
779,81.2,gf,3.035,mm,OK,--,9:25:11 PM,5/25/2022,
780,81.3,gf,3.040,mm,OK,--,9:25:11 PM,5/25/2022,
781,81.4,gf,3.045,mm,OK,--,9:25:11 PM,5/25/2022,
782,81.4,gf,3.050,mm,OK,--,9:25:11 PM,5/25/2022,
783,81.4,gf,3.055,mm,OK,--,9:25:11 PM,5/25/2022,
784,81.5,gf,3.055,mm,OK,--,9:25:11 PM,5/25/2022,
785,81.6,gf,3.060,mm,OK,--,9:25:11 PM,5/25/2022,
786,81.7,gf,3.065,mm,OK,--,9:25:11 PM,5/25/2022,
787,81.7,gf,3.070,mm,OK,--,9:25:11 PM,5/25/2022,
788,81.7,gf,3.070,mm,OK,--,9:25:11 PM,5/25/2022,
789,81.8,gf,3.075,mm,OK,--,9:25:12 PM,5/25/2022,
790,81.8,gf,3.075,mm,OK,--,9:25:12 PM,5/25/2022,
791,81.9,gf,3.080,mm,OK,--,9:25:12 PM,5/25/2022,
792,82.0,gf,3.085,mm,OK,--,9:25:12 PM,5/25/2022,
793,82.1,gf,3.085,mm,OK,--,9:25:12 PM,5/25/2022,
794,82.1,gf,3.090,mm,OK,--,9:25:12 PM,5/25/2022,
795,82.1,gf,3.095,mm,OK,--,9:25:12 PM,5/25/2022,
796,82.2,gf,3.095,mm,OK,--,9:25:12 PM,5/25/2022,
797,82.2,gf,3.100,mm,OK,--,9:25:12 PM,5/25/2022,
798,82.2,gf,3.100,mm,OK,--,9:25:12 PM,5/25/2022,
799,82.2,gf,3.105,mm,OK,--,9:25:13 PM,5/25/2022,
800,82.3,gf,3.105,mm,OK,--,9:25:13 PM,5/25/2022,
801,82.3,gf,3.110,mm,OK,--,9:25:13 PM,5/25/2022,
802,82.5,gf,3.115,mm,OK,--,9:25:13 PM,5/25/2022,
803,82.5,gf,3.120,mm,OK,--,9:25:13 PM,5/25/2022,
804,82.6,gf,3.125,mm,OK,--,9:25:13 PM,5/25/2022,
805,82.6,gf,3.125,mm,OK,--,9:25:13 PM,5/25/2022,
806,82.6,gf,3.130,mm,OK,--,9:25:13 PM,5/25/2022,
807,82.6,gf,3.130,mm,OK,--,9:25:13 PM,5/25/2022,
808,82.6,gf,3.135,mm,OK,--,9:25:13 PM,5/25/2022,
809,82.8,gf,3.135,mm,OK,--,9:25:14 PM,5/25/2022,
810,82.8,gf,3.140,mm,OK,--,9:25:14 PM,5/25/2022,
811,82.8,gf,3.145,mm,OK,--,9:25:14 PM,5/25/2022,
812,82.8,gf,3.145,mm,OK,--,9:25:14 PM,5/25/2022,
813,82.9,gf,3.150,mm,OK,--,9:25:14 PM,5/25/2022,
814,82.9,gf,3.150,mm,OK,--,9:25:14 PM,5/25/2022,
815,83.0,gf,3.155,mm,OK,--,9:25:14 PM,5/25/2022,
816,83.0,gf,3.155,mm,OK,--,9:25:14 PM,5/25/2022,
817,83.0,gf,3.160,mm,OK,--,9:25:14 PM,5/25/2022,
818,83.1,gf,3.165,mm,OK,--,9:25:14 PM,5/25/2022,
819,83.2,gf,3.170,mm,OK,--,9:25:15 PM,5/25/2022,
820,83.3,gf,3.175,mm,OK,--,9:25:15 PM,5/25/2022,
821,83.3,gf,3.175,mm,OK,--,9:25:15 PM,5/25/2022,
822,83.3,gf,3.180,mm,OK,--,9:25:15 PM,5/25/2022,
823,83.3,gf,3.180,mm,OK,--,9:25:15 PM,5/25/2022,
824,83.3,gf,3.180,mm,OK,--,9:25:15 PM,5/25/2022,
825,83.4,gf,3.180,mm,OK,--,9:25:15 PM,5/25/2022,
826,83.3,gf,3.185,mm,OK,--,9:25:15 PM,5/25/2022,
827,83.5,gf,3.190,mm,OK,--,9:25:15 PM,5/25/2022,
828,83.5,gf,3.195,mm,OK,--,9:25:15 PM,5/25/2022,
829,83.6,gf,3.195,mm,OK,--,9:25:16 PM,5/25/2022,
830,83.6,gf,3.200,mm,OK,--,9:25:16 PM,5/25/2022,
831,83.6,gf,3.205,mm,OK,--,9:25:16 PM,5/25/2022,
832,83.7,gf,3.210,mm,OK,--,9:25:16 PM,5/25/2022,
833,83.8,gf,3.210,mm,OK,--,9:25:16 PM,5/25/2022,
834,83.9,gf,3.215,mm,OK,--,9:25:16 PM,5/25/2022,
835,83.9,gf,3.220,mm,OK,--,9:25:16 PM,5/25/2022,
836,84.0,gf,3.225,mm,OK,--,9:25:16 PM,5/25/2022,
837,84.0,gf,3.230,mm,OK,--,9:25:16 PM,5/25/2022,
838,84.0,gf,3.235,mm,OK,--,9:25:16 PM,5/25/2022,
839,84.2,gf,3.240,mm,OK,--,9:25:17 PM,5/25/2022,
840,84.3,gf,3.245,mm,OK,--,9:25:17 PM,5/25/2022,
841,84.3,gf,3.245,mm,OK,--,9:25:17 PM,5/25/2022,
842,84.3,gf,3.250,mm,OK,--,9:25:17 PM,5/25/2022,
843,84.4,gf,3.255,mm,OK,--,9:25:17 PM,5/25/2022,
844,84.5,gf,3.260,mm,OK,--,9:25:17 PM,5/25/2022,
845,84.6,gf,3.260,mm,OK,--,9:25:17 PM,5/25/2022,
846,84.6,gf,3.265,mm,OK,--,9:25:17 PM,5/25/2022,
847,84.6,gf,3.265,mm,OK,--,9:25:17 PM,5/25/2022,
848,84.7,gf,3.270,mm,OK,--,9:25:17 PM,5/25/2022,
849,84.8,gf,3.275,mm,OK,--,9:25:18 PM,5/25/2022,
850,84.8,gf,3.280,mm,OK,--,9:25:18 PM,5/25/2022,
851,84.9,gf,3.285,mm,OK,--,9:25:18 PM,5/25/2022,
852,85.0,gf,3.290,mm,OK,--,9:25:18 PM,5/25/2022,
853,85.1,gf,3.295,mm,OK,--,9:25:18 PM,5/25/2022,
854,85.1,gf,3.300,mm,OK,--,9:25:18 PM,5/25/2022,
855,85.2,gf,3.305,mm,OK,--,9:25:18 PM,5/25/2022,
856,85.3,gf,3.310,mm,OK,--,9:25:18 PM,5/25/2022,
857,85.3,gf,3.310,mm,OK,--,9:25:18 PM,5/25/2022,
858,85.3,gf,3.315,mm,OK,--,9:25:18 PM,5/25/2022,
859,85.3,gf,3.315,mm,OK,--,9:25:19 PM,5/25/2022,
860,85.5,gf,3.320,mm,OK,--,9:25:19 PM,5/25/2022,
861,85.4,gf,3.325,mm,OK,--,9:25:19 PM,5/25/2022,
862,85.5,gf,3.325,mm,OK,--,9:25:19 PM,5/25/2022,
863,85.6,gf,3.330,mm,OK,--,9:25:19 PM,5/25/2022,
864,85.6,gf,3.335,mm,OK,--,9:25:19 PM,5/25/2022,
865,85.7,gf,3.340,mm,OK,--,9:25:19 PM,5/25/2022,
866,85.8,gf,3.345,mm,OK,--,9:25:19 PM,5/25/2022,
867,85.9,gf,3.350,mm,OK,--,9:25:19 PM,5/25/2022,
868,85.9,gf,3.355,mm,OK,--,9:25:19 PM,5/25/2022,
869,85.9,gf,3.355,mm,OK,--,9:25:20 PM,5/25/2022,
870,85.9,gf,3.355,mm,OK,--,9:25:20 PM,5/25/2022,
871,86.0,gf,3.355,mm,OK,--,9:25:20 PM,5/25/2022,
872,86.0,gf,3.360,mm,OK,--,9:25:20 PM,5/25/2022,
873,86.0,gf,3.360,mm,OK,--,9:25:20 PM,5/25/2022,
874,86.1,gf,3.360,mm,OK,--,9:25:20 PM,5/25/2022,
875,86.1,gf,3.365,mm,OK,--,9:25:20 PM,5/25/2022,
876,86.1,gf,3.365,mm,OK,--,9:25:20 PM,5/25/2022,
877,86.1,gf,3.370,mm,OK,--,9:25:20 PM,5/25/2022,
878,86.2,gf,3.370,mm,OK,--,9:25:20 PM,5/25/2022,
879,86.2,gf,3.375,mm,OK,--,9:25:21 PM,5/25/2022,
880,86.4,gf,3.380,mm,OK,--,9:25:21 PM,5/25/2022,
881,86.4,gf,3.385,mm,OK,--,9:25:21 PM,5/25/2022,
882,86.5,gf,3.390,mm,OK,--,9:25:21 PM,5/25/2022,
883,86.6,gf,3.395,mm,OK,--,9:25:21 PM,5/25/2022,
884,86.6,gf,3.400,mm,OK,--,9:25:21 PM,5/25/2022,
885,86.7,gf,3.405,mm,OK,--,9:25:21 PM,5/25/2022,
886,86.8,gf,3.410,mm,OK,--,9:25:21 PM,5/25/2022,
887,86.9,gf,3.415,mm,OK,--,9:25:21 PM,5/25/2022,
888,87.0,gf,3.420,mm,OK,--,9:25:21 PM,5/25/2022,
889,87.1,gf,3.430,mm,OK,--,9:25:22 PM,5/25/2022,
890,87.2,gf,3.435,mm,OK,--,9:25:22 PM,5/25/2022,
891,87.3,gf,3.445,mm,OK,--,9:25:22 PM,5/25/2022,
892,87.7,gf,3.460,mm,OK,--,9:25:22 PM,5/25/2022,
893,88.0,gf,3.475,mm,OK,--,9:25:22 PM,5/25/2022,
894,88.1,gf,3.480,mm,OK,--,9:25:22 PM,5/25/2022,
895,88.2,gf,3.485,mm,OK,--,9:25:22 PM,5/25/2022,
896,88.3,gf,3.495,mm,OK,--,9:25:22 PM,5/25/2022,
897,88.4,gf,3.500,mm,OK,--,9:25:22 PM,5/25/2022,
898,88.5,gf,3.505,mm,OK,--,9:25:22 PM,5/25/2022,
899,88.6,gf,3.510,mm,OK,--,9:25:23 PM,5/25/2022,
900,88.6,gf,3.515,mm,OK,--,9:25:23 PM,5/25/2022,
901,88.7,gf,3.520,mm,OK,--,9:25:23 PM,5/25/2022,
902,88.8,gf,3.525,mm,OK,--,9:25:23 PM,5/25/2022,
903,88.9,gf,3.530,mm,OK,--,9:25:23 PM,5/25/2022,
904,89.0,gf,3.535,mm,OK,--,9:25:23 PM,5/25/2022,
905,89.1,gf,3.535,mm,OK,--,9:25:23 PM,5/25/2022,
906,89.1,gf,3.540,mm,OK,--,9:25:23 PM,5/25/2022,
907,89.3,gf,3.545,mm,OK,--,9:25:23 PM,5/25/2022,
908,89.3,gf,3.550,mm,OK,--,9:25:23 PM,5/25/2022,
909,89.4,gf,3.555,mm,OK,--,9:25:24 PM,5/25/2022,
910,89.5,gf,3.560,mm,OK,--,9:25:24 PM,5/25/2022,
911,89.6,gf,3.565,mm,OK,--,9:25:24 PM,5/25/2022,
912,89.7,gf,3.570,mm,OK,--,9:25:24 PM,5/25/2022,
913,89.8,gf,3.575,mm,OK,--,9:25:24 PM,5/25/2022,
914,90.0,gf,3.580,mm,OK,--,9:25:24 PM,5/25/2022,
915,90.0,gf,3.580,mm,OK,--,9:25:24 PM,5/25/2022,
916,90.0,gf,3.585,mm,OK,--,9:25:24 PM,5/25/2022,
917,90.1,gf,3.590,mm,OK,--,9:25:24 PM,5/25/2022,
918,90.2,gf,3.590,mm,OK,--,9:25:24 PM,5/25/2022,
919,90.2,gf,3.595,mm,OK,--,9:25:25 PM,5/25/2022,
920,90.3,gf,3.600,mm,OK,--,9:25:25 PM,5/25/2022,
921,90.4,gf,3.600,mm,OK,--,9:25:25 PM,5/25/2022,
922,90.4,gf,3.605,mm,OK,--,9:25:25 PM,5/25/2022,
923,90.5,gf,3.610,mm,OK,--,9:25:25 PM,5/25/2022,
924,90.6,gf,3.610,mm,OK,--,9:25:25 PM,5/25/2022,
925,90.6,gf,3.615,mm,OK,--,9:25:25 PM,5/25/2022,
926,90.7,gf,3.620,mm,OK,--,9:25:25 PM,5/25/2022,
927,90.7,gf,3.620,mm,OK,--,9:25:25 PM,5/25/2022,
928,90.8,gf,3.625,mm,OK,--,9:25:25 PM,5/25/2022,
929,90.8,gf,3.630,mm,OK,--,9:25:26 PM,5/25/2022,
930,90.9,gf,3.630,mm,OK,--,9:25:26 PM,5/25/2022,
931,90.9,gf,3.635,mm,OK,--,9:25:26 PM,5/25/2022,
932,91.0,gf,3.635,mm,OK,--,9:25:26 PM,5/25/2022,
933,91.0,gf,3.635,mm,OK,--,9:25:26 PM,5/25/2022,
934,91.0,gf,3.640,mm,OK,--,9:25:26 PM,5/25/2022,
935,91.0,gf,3.640,mm,OK,--,9:25:26 PM,5/25/2022,
936,91.1,gf,3.645,mm,OK,--,9:25:26 PM,5/25/2022,
937,91.1,gf,3.645,mm,OK,--,9:25:26 PM,5/25/2022,
938,91.2,gf,3.650,mm,OK,--,9:25:26 PM,5/25/2022,
939,91.2,gf,3.650,mm,OK,--,9:25:27 PM,5/25/2022,
940,91.3,gf,3.655,mm,OK,--,9:25:27 PM,5/25/2022,
941,91.3,gf,3.655,mm,OK,--,9:25:27 PM,5/25/2022,
942,91.4,gf,3.660,mm,OK,--,9:25:27 PM,5/25/2022,
943,91.5,gf,3.660,mm,OK,--,9:25:27 PM,5/25/2022,
944,91.6,gf,3.665,mm,OK,--,9:25:27 PM,5/25/2022,
945,91.6,gf,3.665,mm,OK,--,9:25:27 PM,5/25/2022,
946,91.6,gf,3.670,mm,OK,--,9:25:27 PM,5/25/2022,
947,91.7,gf,3.675,mm,OK,--,9:25:27 PM,5/25/2022,
948,91.7,gf,3.675,mm,OK,--,9:25:27 PM,5/25/2022,
949,91.8,gf,3.680,mm,OK,--,9:25:28 PM,5/25/2022,
950,91.9,gf,3.685,mm,OK,--,9:25:28 PM,5/25/2022,
951,91.9,gf,3.685,mm,OK,--,9:25:28 PM,5/25/2022,
952,92.0,gf,3.690,mm,OK,--,9:25:28 PM,5/25/2022,
953,92.0,gf,3.695,mm,OK,--,9:25:28 PM,5/25/2022,
954,92.2,gf,3.695,mm,OK,--,9:25:28 PM,5/25/2022,
955,92.2,gf,3.700,mm,OK,--,9:25:28 PM,5/25/2022,
956,92.3,gf,3.705,mm,OK,--,9:25:28 PM,5/25/2022,
957,92.3,gf,3.710,mm,OK,--,9:25:28 PM,5/25/2022,
958,92.4,gf,3.710,mm,OK,--,9:25:28 PM,5/25/2022,
959,92.5,gf,3.715,mm,OK,--,9:25:29 PM,5/25/2022,
960,92.5,gf,3.720,mm,OK,--,9:25:29 PM,5/25/2022,
961,92.6,gf,3.720,mm,OK,--,9:25:29 PM,5/25/2022,
962,92.6,gf,3.725,mm,OK,--,9:25:29 PM,5/25/2022,
963,92.7,gf,3.725,mm,OK,--,9:25:29 PM,5/25/2022,
964,92.6,gf,3.730,mm,OK,--,9:25:29 PM,5/25/2022,
965,92.7,gf,3.730,mm,OK,--,9:25:29 PM,5/25/2022,
966,92.8,gf,3.730,mm,OK,--,9:25:29 PM,5/25/2022,
967,92.8,gf,3.735,mm,OK,--,9:25:29 PM,5/25/2022,
968,92.9,gf,3.735,mm,OK,--,9:25:29 PM,5/25/2022,
969,93.0,gf,3.740,mm,OK,--,9:25:30 PM,5/25/2022,
970,93.0,gf,3.745,mm,OK,--,9:25:30 PM,5/25/2022,
971,93.0,gf,3.745,mm,OK,--,9:25:30 PM,5/25/2022,
972,93.2,gf,3.750,mm,OK,--,9:25:30 PM,5/25/2022,
973,93.2,gf,3.755,mm,OK,--,9:25:30 PM,5/25/2022,
974,93.3,gf,3.755,mm,OK,--,9:25:30 PM,5/25/2022,
975,93.3,gf,3.760,mm,OK,--,9:25:30 PM,5/25/2022,
976,93.5,gf,3.765,mm,OK,--,9:25:30 PM,5/25/2022,
977,93.6,gf,3.770,mm,OK,--,9:25:30 PM,5/25/2022,
978,93.6,gf,3.770,mm,OK,--,9:25:30 PM,5/25/2022,
979,93.7,gf,3.775,mm,OK,--,9:25:31 PM,5/25/2022,
980,93.7,gf,3.780,mm,OK,--,9:25:31 PM,5/25/2022,
981,93.8,gf,3.780,mm,OK,--,9:25:31 PM,5/25/2022,
982,93.8,gf,3.780,mm,OK,--,9:25:31 PM,5/25/2022,
983,93.9,gf,3.785,mm,OK,--,9:25:31 PM,5/25/2022,
984,93.8,gf,3.785,mm,OK,--,9:25:31 PM,5/25/2022,
985,93.9,gf,3.790,mm,OK,--,9:25:31 PM,5/25/2022,
986,93.9,gf,3.790,mm,OK,--,9:25:31 PM,5/25/2022,
987,93.9,gf,3.790,mm,OK,--,9:25:31 PM,5/25/2022,
988,93.9,gf,3.790,mm,OK,--,9:25:31 PM,5/25/2022,
989,94.0,gf,3.795,mm,OK,--,9:25:32 PM,5/25/2022,
990,94.0,gf,3.795,mm,OK,--,9:25:32 PM,5/25/2022,
991,94.0,gf,3.795,mm,OK,--,9:25:32 PM,5/25/2022,
992,94.0,gf,3.795,mm,OK,--,9:25:32 PM,5/25/2022,
993,94.1,gf,3.795,mm,OK,--,9:25:32 PM,5/25/2022,
994,94.1,gf,3.800,mm,OK,--,9:25:32 PM,5/25/2022,
995,94.1,gf,3.805,mm,OK,--,9:25:32 PM,5/25/2022,
996,94.2,gf,3.805,mm,OK,--,9:25:32 PM,5/25/2022,
997,94.4,gf,3.810,mm,OK,--,9:25:32 PM,5/25/2022,
998,94.4,gf,3.815,mm,OK,--,9:25:32 PM,5/25/2022,
999,94.5,gf,3.815,mm,OK,--,9:25:33 PM,5/25/2022,
1000,94.5,gf,3.815,mm,OK,--,9:25:33 PM,5/25/2022,
1001,94.5,gf,3.815,mm,OK,--,9:25:33 PM,5/25/2022,
1002,94.5,gf,3.815,mm,OK,--,9:25:33 PM,5/25/2022,
1003,94.5,gf,3.820,mm,OK,--,9:25:33 PM,5/25/2022,
1004,94.6,gf,3.820,mm,OK,--,9:25:33 PM,5/25/2022,
1005,94.6,gf,3.825,mm,OK,--,9:25:33 PM,5/25/2022,
1006,94.6,gf,3.825,mm,OK,--,9:25:33 PM,5/25/2022,
1007,94.7,gf,3.830,mm,OK,--,9:25:33 PM,5/25/2022,
1008,94.7,gf,3.830,mm,OK,--,9:25:33 PM,5/25/2022,
1009,94.8,gf,3.835,mm,OK,--,9:25:34 PM,5/25/2022,
1010,94.9,gf,3.835,mm,OK,--,9:25:34 PM,5/25/2022,
1011,95.0,gf,3.840,mm,OK,--,9:25:34 PM,5/25/2022,
1012,95.1,gf,3.845,mm,OK,--,9:25:34 PM,5/25/2022,
1013,95.2,gf,3.850,mm,OK,--,9:25:34 PM,5/25/2022,
1014,95.4,gf,3.860,mm,OK,--,9:25:34 PM,5/25/2022,
1015,95.6,gf,3.865,mm,OK,--,9:25:34 PM,5/25/2022,
1016,95.6,gf,3.870,mm,OK,--,9:25:34 PM,5/25/2022,
1017,95.7,gf,3.875,mm,OK,--,9:25:34 PM,5/25/2022,
1018,95.8,gf,3.880,mm,OK,--,9:25:34 PM,5/25/2022,
1019,96.0,gf,3.885,mm,OK,--,9:25:35 PM,5/25/2022,
1020,96.1,gf,3.890,mm,OK,--,9:25:35 PM,5/25/2022,
1021,96.2,gf,3.895,mm,OK,--,9:25:35 PM,5/25/2022,
1022,96.3,gf,3.900,mm,OK,--,9:25:35 PM,5/25/2022,
1023,96.4,gf,3.905,mm,OK,--,9:25:35 PM,5/25/2022,
1024,96.5,gf,3.910,mm,OK,--,9:25:35 PM,5/25/2022,
1025,96.6,gf,3.915,mm,OK,--,9:25:35 PM,5/25/2022,
1026,96.8,gf,3.920,mm,OK,--,9:25:35 PM,5/25/2022,
1027,96.8,gf,3.925,mm,OK,--,9:25:35 PM,5/25/2022,
1028,96.9,gf,3.930,mm,OK,--,9:25:35 PM,5/25/2022,
1029,97.0,gf,3.935,mm,OK,--,9:25:36 PM,5/25/2022,
1030,97.2,gf,3.945,mm,OK,--,9:25:36 PM,5/25/2022,
1031,97.3,gf,3.950,mm,OK,--,9:25:36 PM,5/25/2022,
1032,97.4,gf,3.955,mm,OK,--,9:25:36 PM,5/25/2022,
1033,97.5,gf,3.960,mm,OK,--,9:25:36 PM,5/25/2022,
1034,97.6,gf,3.965,mm,OK,--,9:25:36 PM,5/25/2022,
1035,97.8,gf,3.970,mm,OK,--,9:25:36 PM,5/25/2022,
1036,97.8,gf,3.975,mm,OK,--,9:25:36 PM,5/25/2022,
1037,97.9,gf,3.975,mm,OK,--,9:25:36 PM,5/25/2022,
1038,98.0,gf,3.980,mm,OK,--,9:25:36 PM,5/25/2022,
1039,98.1,gf,3.985,mm,OK,--,9:25:37 PM,5/25/2022,
1040,98.2,gf,3.995,mm,OK,--,9:25:37 PM,5/25/2022,
1041,98.5,gf,4.000,mm,OK,--,9:25:37 PM,5/25/2022,
1042,98.6,gf,4.005,mm,OK,--,9:25:37 PM,5/25/2022,
1043,98.8,gf,4.015,mm,OK,--,9:25:37 PM,5/25/2022,
1044,98.9,gf,4.020,mm,OK,--,9:25:37 PM,5/25/2022,
1045,99.0,gf,4.025,mm,OK,--,9:25:37 PM,5/25/2022,
1046,99.2,gf,4.030,mm,OK,--,9:25:37 PM,5/25/2022,
1047,99.3,gf,4.035,mm,OK,--,9:25:37 PM,5/25/2022,
1048,99.5,gf,4.040,mm,OK,--,9:25:37 PM,5/25/2022,
1049,99.5,gf,4.045,mm,OK,--,9:25:38 PM,5/25/2022,
1050,99.7,gf,4.050,mm,OK,--,9:25:38 PM,5/25/2022,
1051,99.8,gf,4.055,mm,OK,--,9:25:38 PM,5/25/2022,
1052,100.0,gf,4.060,mm,OK,--,9:25:38 PM,5/25/2022,
1053,100.1,gf,4.065,mm,OK,--,9:25:38 PM,5/25/2022,
1054,100.2,gf,4.070,mm,OK,--,9:25:38 PM,5/25/2022,
1055,100.3,gf,4.070,mm,OK,--,9:25:38 PM,5/25/2022,
1056,100.3,gf,4.075,mm,OK,--,9:25:38 PM,5/25/2022,
1057,100.6,gf,4.080,mm,OK,--,9:25:38 PM,5/25/2022,
1058,100.5,gf,4.080,mm,OK,--,9:25:38 PM,5/25/2022,
1059,100.6,gf,4.085,mm,OK,--,9:25:39 PM,5/25/2022,
1060,100.6,gf,4.085,mm,OK,--,9:25:39 PM,5/25/2022,
1061,100.8,gf,4.090,mm,OK,--,9:25:39 PM,5/25/2022,
1062,100.9,gf,4.095,mm,OK,--,9:25:39 PM,5/25/2022,
1063,100.9,gf,4.095,mm,OK,--,9:25:39 PM,5/25/2022,
1064,101.1,gf,4.100,mm,OK,--,9:25:39 PM,5/25/2022,
1065,101.2,gf,4.110,mm,OK,--,9:25:39 PM,5/25/2022,
1066,101.3,gf,4.115,mm,OK,--,9:25:39 PM,5/25/2022,
1067,101.4,gf,4.115,mm,OK,--,9:25:39 PM,5/25/2022,
1068,101.6,gf,4.120,mm,OK,--,9:25:39 PM,5/25/2022,
1069,101.7,gf,4.125,mm,OK,--,9:25:40 PM,5/25/2022,
1070,101.9,gf,4.135,mm,OK,--,9:25:40 PM,5/25/2022,
1071,102.1,gf,4.140,mm,OK,--,9:25:40 PM,5/25/2022,
1072,102.4,gf,4.145,mm,OK,--,9:25:40 PM,5/25/2022,
1073,102.5,gf,4.150,mm,OK,--,9:25:40 PM,5/25/2022,
1074,102.6,gf,4.155,mm,OK,--,9:25:40 PM,5/25/2022,
1075,102.8,gf,4.160,mm,OK,--,9:25:40 PM,5/25/2022,
1076,103.0,gf,4.165,mm,OK,--,9:25:40 PM,5/25/2022,
1077,103.2,gf,4.170,mm,OK,--,9:25:40 PM,5/25/2022,
1078,103.2,gf,4.175,mm,OK,--,9:25:40 PM,5/25/2022,
1079,103.3,gf,4.180,mm,OK,--,9:25:41 PM,5/25/2022,
1080,103.6,gf,4.185,mm,OK,--,9:25:41 PM,5/25/2022,
1081,103.9,gf,4.195,mm,OK,--,9:25:41 PM,5/25/2022,
1082,104.3,gf,4.210,mm,OK,--,9:25:41 PM,5/25/2022,
1083,104.6,gf,4.215,mm,OK,--,9:25:41 PM,5/25/2022,
1084,104.8,gf,4.220,mm,OK,--,9:25:41 PM,5/25/2022,
1085,105.0,gf,4.230,mm,OK,--,9:25:41 PM,5/25/2022,
1086,105.3,gf,4.235,mm,OK,--,9:25:41 PM,5/25/2022,
1087,105.4,gf,4.240,mm,OK,--,9:25:41 PM,5/25/2022,
1088,106.7,gf,4.250,mm,OK,--,9:25:41 PM,5/25/2022,
1089,111.5,gf,4.255,mm,OK,--,9:25:42 PM,5/25/2022,
1090,117.3,gf,4.260,mm,OK,--,9:25:42 PM,5/25/2022,
1091,122.5,gf,4.270,mm,OK,--,9:25:42 PM,5/25/2022,
1092,126.8,gf,4.275,mm,OK,--,9:25:42 PM,5/25/2022,
1093,132.1,gf,4.280,mm,OK,--,9:25:42 PM,5/25/2022,
1094,136.4,gf,4.285,mm,OK,--,9:25:42 PM,5/25/2022,
1095,139.2,gf,4.285,mm,OK,--,9:25:42 PM,5/25/2022,
1096,142.1,gf,4.290,mm,OK,--,9:25:42 PM,5/25/2022,
1097,144.1,gf,4.290,mm,OK,--,9:25:42 PM,5/25/2022,
1098,145.9,gf,4.295,mm,OK,--,9:25:42 PM,5/25/2022,
1099,147.4,gf,4.295,mm,OK,--,9:25:43 PM,5/25/2022,
1100,148.9,gf,4.295,mm,OK,--,9:25:43 PM,5/25/2022,
1101,149.7,gf,4.295,mm,OK,--,9:25:43 PM,5/25/2022,
1102,149.5,gf,4.295,mm,OK,--,9:25:43 PM,5/25/2022,
1103,149.2,gf,4.295,mm,OK,--,9:25:43 PM,5/25/2022,
1104,149.1,gf,4.295,mm,OK,--,9:25:43 PM,5/25/2022,
1105,148.5,gf,4.295,mm,OK,--,9:25:43 PM,5/25/2022,
1106,148.5,gf,4.295,mm,OK,--,9:25:43 PM,5/25/2022,
1107,148.5,gf,4.295,mm,OK,--,9:25:43 PM,5/25/2022,
1108,148.5,gf,4.295,mm,OK,--,9:25:43 PM,5/25/2022,
1109,148.4,gf,4.295,mm,OK,--,9:25:44 PM,5/25/2022,
1110,148.5,gf,4.295,mm,OK,--,9:25:44 PM,5/25/2022,
1111,148.4,gf,4.295,mm,OK,--,9:25:44 PM,5/25/2022,
1112,148.5,gf,4.295,mm,OK,--,9:25:44 PM,5/25/2022,
1113,148.4,gf,4.295,mm,OK,--,9:25:44 PM,5/25/2022,
1114,148.4,gf,4.295,mm,OK,--,9:25:44 PM,5/25/2022,
1115,148.4,gf,4.295,mm,OK,--,9:25:44 PM,5/25/2022,
1116,148.4,gf,4.295,mm,OK,--,9:25:44 PM,5/25/2022,
1117,148.4,gf,4.295,mm,OK,--,9:25:44 PM,5/25/2022,
1118,148.4,gf,4.295,mm,OK,--,9:25:44 PM,5/25/2022,
1119,148.4,gf,4.295,mm,OK,--,9:25:45 PM,5/25/2022,
1120,148.3,gf,4.295,mm,OK,--,9:25:45 PM,5/25/2022,
1121,148.4,gf,4.295,mm,OK,--,9:25:45 PM,5/25/2022,
1122,148.4,gf,4.295,mm,OK,--,9:25:45 PM,5/25/2022,
1123,148.4,gf,4.295,mm,OK,--,9:25:45 PM,5/25/2022,
1124,148.4,gf,4.295,mm,OK,--,9:25:45 PM,5/25/2022,
1125,148.4,gf,4.295,mm,OK,--,9:25:45 PM,5/25/2022,
1126,148.3,gf,4.295,mm,OK,--,9:25:45 PM,5/25/2022,
1127,148.5,gf,4.295,mm,OK,--,9:25:45 PM,5/25/2022,
1128,148.5,gf,4.295,mm,OK,--,9:25:45 PM,5/25/2022,
1129,148.5,gf,4.295,mm,OK,--,9:25:46 PM,5/25/2022,
1130,148.5,gf,4.295,mm,OK,--,9:25:46 PM,5/25/2022,
1131,148.5,gf,4.295,mm,OK,--,9:25:46 PM,5/25/2022,
1132,148.4,gf,4.295,mm,OK,--,9:25:46 PM,5/25/2022,
1133,148.4,gf,4.295,mm,OK,--,9:25:46 PM,5/25/2022,
1134,148.4,gf,4.295,mm,OK,--,9:25:46 PM,5/25/2022,
1135,148.3,gf,4.295,mm,OK,--,9:25:46 PM,5/25/2022,
1136,148.2,gf,4.295,mm,OK,--,9:25:46 PM,5/25/2022,
1137,148.1,gf,4.295,mm,OK,--,9:25:46 PM,5/25/2022,
1138,148.1,gf,4.295,mm,OK,--,9:25:46 PM,5/25/2022,
1139,148.0,gf,4.295,mm,OK,--,9:25:47 PM,5/25/2022,
1140,148.0,gf,4.295,mm,OK,--,9:25:47 PM,5/25/2022,
1141,148.0,gf,4.295,mm,OK,--,9:25:47 PM,5/25/2022,
1142,147.9,gf,4.295,mm,OK,--,9:25:47 PM,5/25/2022,
1143,147.9,gf,4.295,mm,OK,--,9:25:47 PM,5/25/2022,
1144,147.7,gf,4.295,mm,OK,--,9:25:47 PM,5/25/2022,
1145,147.5,gf,4.295,mm,OK,--,9:25:47 PM,5/25/2022,
1146,147.5,gf,4.295,mm,OK,--,9:25:47 PM,5/25/2022,
1147,147.6,gf,4.295,mm,OK,--,9:25:47 PM,5/25/2022,
1148,147.3,gf,4.295,mm,OK,--,9:25:47 PM,5/25/2022,
1149,147.4,gf,4.295,mm,OK,--,9:25:48 PM,5/25/2022,
1150,147.5,gf,4.295,mm,OK,--,9:25:48 PM,5/25/2022,
1151,147.4,gf,4.295,mm,OK,--,9:25:48 PM,5/25/2022,
1152,147.3,gf,4.295,mm,OK,--,9:25:48 PM,5/25/2022,
1153,147.3,gf,4.295,mm,OK,--,9:25:48 PM,5/25/2022,
1154,147.0,gf,4.295,mm,OK,--,9:25:48 PM,5/25/2022,
1155,147.0,gf,4.295,mm,OK,--,9:25:48 PM,5/25/2022,
1156,146.9,gf,4.295,mm,OK,--,9:25:48 PM,5/25/2022,
1157,147.1,gf,4.295,mm,OK,--,9:25:48 PM,5/25/2022,
1158,146.7,gf,4.295,mm,OK,--,9:25:48 PM,5/25/2022,
1159,146.2,gf,4.295,mm,OK,--,9:25:49 PM,5/25/2022,
1160,145.5,gf,4.295,mm,OK,--,9:25:49 PM,5/25/2022,
1161,144.2,gf,4.295,mm,OK,--,9:25:49 PM,5/25/2022,
1162,143.3,gf,4.295,mm,OK,--,9:25:49 PM,5/25/2022,
1163,142.3,gf,4.290,mm,OK,--,9:25:49 PM,5/25/2022,
1164,141.8,gf,4.290,mm,OK,--,9:25:49 PM,5/25/2022,
1165,141.5,gf,4.290,mm,OK,--,9:25:49 PM,5/25/2022,
1166,141.4,gf,4.290,mm,OK,--,9:25:49 PM,5/25/2022,
1167,141.1,gf,4.290,mm,OK,--,9:25:49 PM,5/25/2022,
1168,140.7,gf,4.290,mm,OK,--,9:25:49 PM,5/25/2022,
1169,140.1,gf,4.290,mm,OK,--,9:25:50 PM,5/25/2022,
1170,139.7,gf,4.290,mm,OK,--,9:25:50 PM,5/25/2022,
1171,139.2,gf,4.290,mm,OK,--,9:25:50 PM,5/25/2022,
1172,138.7,gf,4.290,mm,OK,--,9:25:50 PM,5/25/2022,
1173,138.3,gf,4.290,mm,OK,--,9:25:50 PM,5/25/2022,
1174,137.6,gf,4.290,mm,OK,--,9:25:50 PM,5/25/2022,
1175,136.7,gf,4.285,mm,OK,--,9:25:50 PM,5/25/2022,
1176,136.1,gf,4.285,mm,OK,--,9:25:50 PM,5/25/2022,
1177,135.2,gf,4.285,mm,OK,--,9:25:50 PM,5/25/2022,
1178,134.6,gf,4.285,mm,OK,--,9:25:50 PM,5/25/2022,
1179,133.2,gf,4.285,mm,OK,--,9:25:51 PM,5/25/2022,
1180,132.2,gf,4.285,mm,OK,--,9:25:51 PM,5/25/2022,
1181,131.7,gf,4.280,mm,OK,--,9:25:51 PM,5/25/2022,
1182,130.8,gf,4.280,mm,OK,--,9:25:51 PM,5/25/2022,
1183,130.0,gf,4.280,mm,OK,--,9:25:51 PM,5/25/2022,
1184,129.1,gf,4.280,mm,OK,--,9:25:51 PM,5/25/2022,
1185,128.1,gf,4.280,mm,OK,--,9:25:51 PM,5/25/2022,
1186,127.6,gf,4.280,mm,OK,--,9:25:51 PM,5/25/2022,
1187,126.9,gf,4.275,mm,OK,--,9:25:51 PM,5/25/2022,
1188,126.1,gf,4.275,mm,OK,--,9:25:51 PM,5/25/2022,
1189,125.6,gf,4.275,mm,OK,--,9:25:52 PM,5/25/2022,
1190,125.0,gf,4.275,mm,OK,--,9:25:52 PM,5/25/2022,
1191,124.3,gf,4.275,mm,OK,--,9:25:52 PM,5/25/2022,
1192,123.9,gf,4.275,mm,OK,--,9:25:52 PM,5/25/2022,
1193,123.1,gf,4.275,mm,OK,--,9:25:52 PM,5/25/2022,
1194,122.4,gf,4.275,mm,OK,--,9:25:52 PM,5/25/2022,
1195,121.6,gf,4.270,mm,OK,--,9:25:52 PM,5/25/2022,
1196,120.8,gf,4.270,mm,OK,--,9:25:52 PM,5/25/2022,
1197,119.8,gf,4.270,mm,OK,--,9:25:52 PM,5/25/2022,
1198,118.6,gf,4.270,mm,OK,--,9:25:52 PM,5/25/2022,
1199,117.2,gf,4.265,mm,OK,--,9:25:53 PM,5/25/2022,
1200,116.0,gf,4.265,mm,OK,--,9:25:53 PM,5/25/2022,
1201,115.0,gf,4.265,mm,OK,--,9:25:53 PM,5/25/2022,
1202,114.3,gf,4.265,mm,OK,--,9:25:53 PM,5/25/2022,
1203,113.9,gf,4.265,mm,OK,--,9:25:53 PM,5/25/2022,
1204,113.5,gf,4.265,mm,OK,--,9:25:53 PM,5/25/2022,
1205,113.3,gf,4.265,mm,OK,--,9:25:53 PM,5/25/2022,
1206,113.0,gf,4.260,mm,OK,--,9:25:53 PM,5/25/2022,
1207,112.6,gf,4.260,mm,OK,--,9:25:53 PM,5/25/2022,
1208,112.1,gf,4.260,mm,OK,--,9:25:53 PM,5/25/2022,
1209,112.0,gf,4.260,mm,OK,--,9:25:54 PM,5/25/2022,
1210,112.0,gf,4.260,mm,OK,--,9:25:54 PM,5/25/2022,
1211,111.6,gf,4.260,mm,OK,--,9:25:54 PM,5/25/2022,
1212,111.2,gf,4.260,mm,OK,--,9:25:54 PM,5/25/2022,
1213,110.7,gf,4.260,mm,OK,--,9:25:54 PM,5/25/2022,
1214,110.3,gf,4.260,mm,OK,--,9:25:54 PM,5/25/2022,
1215,109.8,gf,4.260,mm,OK,--,9:25:54 PM,5/25/2022,
1216,109.2,gf,4.260,mm,OK,--,9:25:54 PM,5/25/2022,
1217,108.8,gf,4.260,mm,OK,--,9:25:54 PM,5/25/2022,
1218,108.7,gf,4.255,mm,OK,--,9:25:54 PM,5/25/2022,
1219,108.7,gf,4.255,mm,OK,--,9:25:55 PM,5/25/2022,
1220,108.5,gf,4.255,mm,OK,--,9:25:55 PM,5/25/2022,
1221,108.4,gf,4.255,mm,OK,--,9:25:55 PM,5/25/2022,
1222,108.1,gf,4.255,mm,OK,--,9:25:55 PM,5/25/2022,
1223,108.0,gf,4.255,mm,OK,--,9:25:55 PM,5/25/2022,
1224,108.1,gf,4.255,mm,OK,--,9:25:55 PM,5/25/2022,
1225,108.2,gf,4.255,mm,OK,--,9:25:55 PM,5/25/2022,
1226,108.2,gf,4.255,mm,OK,--,9:25:55 PM,5/25/2022,
1227,108.0,gf,4.255,mm,OK,--,9:25:55 PM,5/25/2022,
1228,107.9,gf,4.255,mm,OK,--,9:25:55 PM,5/25/2022,
1229,107.6,gf,4.255,mm,OK,--,9:25:56 PM,5/25/2022,
1230,106.9,gf,4.255,mm,OK,--,9:25:56 PM,5/25/2022,
1231,106.3,gf,4.255,mm,OK,--,9:25:56 PM,5/25/2022,
1232,105.7,gf,4.255,mm,OK,--,9:25:56 PM,5/25/2022,
1233,105.2,gf,4.250,mm,OK,--,9:25:56 PM,5/25/2022,
1234,104.9,gf,4.250,mm,OK,--,9:25:56 PM,5/25/2022,
1235,104.7,gf,4.250,mm,OK,--,9:25:56 PM,5/25/2022,
1236,104.7,gf,4.250,mm,OK,--,9:25:56 PM,5/25/2022,
1237,104.6,gf,4.250,mm,OK,--,9:25:56 PM,5/25/2022,
1238,104.6,gf,4.245,mm,OK,--,9:25:56 PM,5/25/2022,
1239,104.4,gf,4.245,mm,OK,--,9:25:57 PM,5/25/2022,
1240,104.3,gf,4.240,mm,OK,--,9:25:57 PM,5/25/2022,
1241,104.3,gf,4.240,mm,OK,--,9:25:57 PM,5/25/2022,
1242,104.2,gf,4.235,mm,OK,--,9:25:57 PM,5/25/2022,
1243,104.1,gf,4.235,mm,OK,--,9:25:57 PM,5/25/2022,
1244,104.0,gf,4.230,mm,OK,--,9:25:57 PM,5/25/2022,
1245,103.9,gf,4.230,mm,OK,--,9:25:57 PM,5/25/2022,
1246,103.9,gf,4.225,mm,OK,--,9:25:57 PM,5/25/2022,
1247,103.8,gf,4.225,mm,OK,--,9:25:57 PM,5/25/2022,
1248,103.7,gf,4.225,mm,OK,--,9:25:57 PM,5/25/2022,
1249,103.7,gf,4.220,mm,OK,--,9:25:58 PM,5/25/2022,
1250,103.5,gf,4.215,mm,OK,--,9:25:58 PM,5/25/2022,
1251,103.4,gf,4.215,mm,OK,--,9:25:58 PM,5/25/2022,
1252,103.3,gf,4.210,mm,OK,--,9:25:58 PM,5/25/2022,
1253,103.2,gf,4.205,mm,OK,--,9:25:58 PM,5/25/2022,
1254,103.2,gf,4.205,mm,OK,--,9:25:58 PM,5/25/2022,
1255,103.0,gf,4.205,mm,OK,--,9:25:58 PM,5/25/2022,
1256,103.0,gf,4.200,mm,OK,--,9:25:58 PM,5/25/2022,
1257,102.9,gf,4.200,mm,OK,--,9:25:58 PM,5/25/2022,
1258,102.9,gf,4.200,mm,OK,--,9:25:58 PM,5/25/2022,
1259,102.8,gf,4.195,mm,OK,--,9:25:59 PM,5/25/2022,
1260,102.8,gf,4.195,mm,OK,--,9:25:59 PM,5/25/2022,
1261,103.2,gf,4.195,mm,OK,--,9:25:59 PM,5/25/2022,
1262,103.2,gf,4.195,mm,OK,--,9:25:59 PM,5/25/2022,
1263,103.2,gf,4.195,mm,OK,--,9:25:59 PM,5/25/2022,
1264,103.0,gf,4.195,mm,OK,--,9:25:59 PM,5/25/2022,
1265,102.9,gf,4.195,mm,OK,--,9:25:59 PM,5/25/2022,
1266,102.8,gf,4.195,mm,OK,--,9:25:59 PM,5/25/2022,
1267,102.7,gf,4.195,mm,OK,--,9:25:59 PM,5/25/2022,
1268,102.7,gf,4.195,mm,OK,--,9:25:59 PM,5/25/2022,
1269,102.7,gf,4.190,mm,OK,--,9:26:00 PM,5/25/2022,
1270,102.7,gf,4.190,mm,OK,--,9:26:00 PM,5/25/2022,
1271,102.6,gf,4.190,mm,OK,--,9:26:00 PM,5/25/2022,
1272,102.6,gf,4.190,mm,OK,--,9:26:00 PM,5/25/2022,
1273,102.5,gf,4.185,mm,OK,--,9:26:00 PM,5/25/2022,
1274,102.3,gf,4.180,mm,OK,--,9:26:00 PM,5/25/2022,
1275,102.3,gf,4.175,mm,OK,--,9:26:00 PM,5/25/2022,
1276,102.2,gf,4.170,mm,OK,--,9:26:00 PM,5/25/2022,
1277,101.9,gf,4.170,mm,OK,--,9:26:00 PM,5/25/2022,
1278,101.9,gf,4.165,mm,OK,--,9:26:00 PM,5/25/2022,
1279,101.7,gf,4.160,mm,OK,--,9:26:01 PM,5/25/2022,
1280,101.7,gf,4.155,mm,OK,--,9:26:01 PM,5/25/2022,
1281,101.5,gf,4.155,mm,OK,--,9:26:01 PM,5/25/2022,
1282,101.4,gf,4.150,mm,OK,--,9:26:01 PM,5/25/2022,
1283,101.3,gf,4.145,mm,OK,--,9:26:01 PM,5/25/2022,
1284,101.1,gf,4.140,mm,OK,--,9:26:01 PM,5/25/2022,
1285,100.9,gf,4.135,mm,OK,--,9:26:01 PM,5/25/2022,
1286,100.8,gf,4.135,mm,OK,--,9:26:01 PM,5/25/2022,
1287,100.7,gf,4.130,mm,OK,--,9:26:01 PM,5/25/2022,
1288,100.6,gf,4.125,mm,OK,--,9:26:01 PM,5/25/2022,
1289,100.6,gf,4.125,mm,OK,--,9:26:02 PM,5/25/2022,
1290,100.3,gf,4.120,mm,OK,--,9:26:02 PM,5/25/2022,
1291,100.2,gf,4.110,mm,OK,--,9:26:02 PM,5/25/2022,
1292,100.0,gf,4.110,mm,OK,--,9:26:02 PM,5/25/2022,
1293,99.9,gf,4.105,mm,OK,--,9:26:02 PM,5/25/2022,
1294,99.8,gf,4.100,mm,OK,--,9:26:02 PM,5/25/2022,
1295,99.7,gf,4.095,mm,OK,--,9:26:02 PM,5/25/2022,
1296,99.6,gf,4.085,mm,OK,--,9:26:02 PM,5/25/2022,
1297,99.3,gf,4.080,mm,OK,--,9:26:02 PM,5/25/2022,
1298,99.2,gf,4.075,mm,OK,--,9:26:02 PM,5/25/2022,
1299,99.2,gf,4.075,mm,OK,--,9:26:03 PM,5/25/2022,
1300,99.0,gf,4.070,mm,OK,--,9:26:03 PM,5/25/2022,
1301,99.0,gf,4.070,mm,OK,--,9:26:03 PM,5/25/2022,
1302,99.0,gf,4.065,mm,OK,--,9:26:03 PM,5/25/2022,
1303,98.9,gf,4.065,mm,OK,--,9:26:03 PM,5/25/2022,
1304,98.8,gf,4.060,mm,OK,--,9:26:03 PM,5/25/2022,
1305,98.8,gf,4.060,mm,OK,--,9:26:03 PM,5/25/2022,
1306,98.7,gf,4.060,mm,OK,--,9:26:03 PM,5/25/2022,
1307,98.7,gf,4.055,mm,OK,--,9:26:03 PM,5/25/2022,
1308,98.6,gf,4.055,mm,OK,--,9:26:03 PM,5/25/2022,
1309,98.6,gf,4.055,mm,OK,--,9:26:04 PM,5/25/2022,
1310,98.6,gf,4.050,mm,OK,--,9:26:04 PM,5/25/2022,
1311,98.5,gf,4.050,mm,OK,--,9:26:04 PM,5/25/2022,
1312,98.5,gf,4.045,mm,OK,--,9:26:04 PM,5/25/2022,
1313,98.4,gf,4.045,mm,OK,--,9:26:04 PM,5/25/2022,
1314,98.4,gf,4.040,mm,OK,--,9:26:04 PM,5/25/2022,
1315,98.2,gf,4.035,mm,OK,--,9:26:04 PM,5/25/2022,
1316,98.1,gf,4.035,mm,OK,--,9:26:04 PM,5/25/2022,
1317,98.0,gf,4.030,mm,OK,--,9:26:04 PM,5/25/2022,
1318,98.0,gf,4.030,mm,OK,--,9:26:04 PM,5/25/2022,
1319,97.9,gf,4.025,mm,OK,--,9:26:05 PM,5/25/2022,
1320,97.9,gf,4.020,mm,OK,--,9:26:05 PM,5/25/2022,
1321,97.8,gf,4.020,mm,OK,--,9:26:05 PM,5/25/2022,
1322,97.7,gf,4.015,mm,OK,--,9:26:05 PM,5/25/2022,
1323,97.6,gf,4.010,mm,OK,--,9:26:05 PM,5/25/2022,
1324,97.6,gf,4.010,mm,OK,--,9:26:05 PM,5/25/2022,
1325,97.4,gf,4.005,mm,OK,--,9:26:05 PM,5/25/2022,
1326,97.3,gf,4.000,mm,OK,--,9:26:05 PM,5/25/2022,
1327,97.2,gf,3.995,mm,OK,--,9:26:05 PM,5/25/2022,
1328,97.1,gf,3.990,mm,OK,--,9:26:05 PM,5/25/2022,
1329,97.0,gf,3.985,mm,OK,--,9:26:06 PM,5/25/2022,
1330,96.9,gf,3.980,mm,OK,--,9:26:06 PM,5/25/2022,
1331,96.8,gf,3.980,mm,OK,--,9:26:06 PM,5/25/2022,
1332,96.7,gf,3.975,mm,OK,--,9:26:06 PM,5/25/2022,
1333,96.6,gf,3.975,mm,OK,--,9:26:06 PM,5/25/2022,
1334,96.5,gf,3.970,mm,OK,--,9:26:06 PM,5/25/2022,
1335,96.5,gf,3.970,mm,OK,--,9:26:06 PM,5/25/2022,
1336,96.5,gf,3.965,mm,OK,--,9:26:06 PM,5/25/2022,
1337,96.4,gf,3.965,mm,OK,--,9:26:06 PM,5/25/2022,
1338,96.4,gf,3.960,mm,OK,--,9:26:06 PM,5/25/2022,
1339,96.3,gf,3.960,mm,OK,--,9:26:07 PM,5/25/2022,
1340,96.3,gf,3.955,mm,OK,--,9:26:07 PM,5/25/2022,
1341,96.2,gf,3.955,mm,OK,--,9:26:07 PM,5/25/2022,
1342,96.2,gf,3.955,mm,OK,--,9:26:07 PM,5/25/2022,
1343,96.1,gf,3.950,mm,OK,--,9:26:07 PM,5/25/2022,
1344,96.2,gf,3.950,mm,OK,--,9:26:07 PM,5/25/2022,
1345,96.0,gf,3.945,mm,OK,--,9:26:07 PM,5/25/2022,
1346,95.9,gf,3.945,mm,OK,--,9:26:07 PM,5/25/2022,
1347,96.0,gf,3.940,mm,OK,--,9:26:07 PM,5/25/2022,
1348,95.9,gf,3.940,mm,OK,--,9:26:07 PM,5/25/2022,
1349,95.9,gf,3.935,mm,OK,--,9:26:08 PM,5/25/2022,
1350,95.8,gf,3.935,mm,OK,--,9:26:08 PM,5/25/2022,
1351,95.8,gf,3.935,mm,OK,--,9:26:08 PM,5/25/2022,
1352,95.7,gf,3.930,mm,OK,--,9:26:08 PM,5/25/2022,
1353,95.6,gf,3.930,mm,OK,--,9:26:08 PM,5/25/2022,
1354,95.6,gf,3.930,mm,OK,--,9:26:08 PM,5/25/2022,
1355,95.6,gf,3.925,mm,OK,--,9:26:08 PM,5/25/2022,
1356,95.6,gf,3.925,mm,OK,--,9:26:08 PM,5/25/2022,
1357,95.6,gf,3.920,mm,OK,--,9:26:08 PM,5/25/2022,
1358,95.5,gf,3.920,mm,OK,--,9:26:08 PM,5/25/2022,
1359,95.5,gf,3.920,mm,OK,--,9:26:09 PM,5/25/2022,
1360,95.4,gf,3.915,mm,OK,--,9:26:09 PM,5/25/2022,
1361,95.4,gf,3.915,mm,OK,--,9:26:09 PM,5/25/2022,
1362,95.3,gf,3.915,mm,OK,--,9:26:09 PM,5/25/2022,
1363,95.4,gf,3.915,mm,OK,--,9:26:09 PM,5/25/2022,
1364,95.3,gf,3.910,mm,OK,--,9:26:09 PM,5/25/2022,
1365,95.3,gf,3.910,mm,OK,--,9:26:09 PM,5/25/2022,
1366,95.2,gf,3.910,mm,OK,--,9:26:09 PM,5/25/2022,
1367,95.3,gf,3.905,mm,OK,--,9:26:09 PM,5/25/2022,
1368,95.2,gf,3.905,mm,OK,--,9:26:09 PM,5/25/2022,
1369,95.2,gf,3.905,mm,OK,--,9:26:10 PM,5/25/2022,
1370,95.1,gf,3.900,mm,OK,--,9:26:10 PM,5/25/2022,
1371,95.1,gf,3.900,mm,OK,--,9:26:10 PM,5/25/2022,
1372,95.0,gf,3.895,mm,OK,--,9:26:10 PM,5/25/2022,
1373,95.0,gf,3.895,mm,OK,--,9:26:10 PM,5/25/2022,
1374,95.0,gf,3.890,mm,OK,--,9:26:10 PM,5/25/2022,
1375,94.9,gf,3.890,mm,OK,--,9:26:10 PM,5/25/2022,
1376,94.9,gf,3.885,mm,OK,--,9:26:10 PM,5/25/2022,
1377,94.8,gf,3.885,mm,OK,--,9:26:10 PM,5/25/2022,
1378,94.8,gf,3.880,mm,OK,--,9:26:10 PM,5/25/2022,
1379,94.8,gf,3.880,mm,OK,--,9:26:11 PM,5/25/2022,
1380,94.7,gf,3.875,mm,OK,--,9:26:11 PM,5/25/2022,
1381,94.7,gf,3.870,mm,OK,--,9:26:11 PM,5/25/2022,
1382,94.5,gf,3.865,mm,OK,--,9:26:11 PM,5/25/2022,
1383,94.5,gf,3.865,mm,OK,--,9:26:11 PM,5/25/2022,
1384,94.4,gf,3.860,mm,OK,--,9:26:11 PM,5/25/2022,
1385,94.4,gf,3.860,mm,OK,--,9:26:11 PM,5/25/2022,
1386,94.3,gf,3.855,mm,OK,--,9:26:11 PM,5/25/2022,
1387,94.2,gf,3.855,mm,OK,--,9:26:11 PM,5/25/2022,
1388,94.1,gf,3.850,mm,OK,--,9:26:11 PM,5/25/2022,
1389,94.1,gf,3.850,mm,OK,--,9:26:12 PM,5/25/2022,
1390,94.1,gf,3.845,mm,OK,--,9:26:12 PM,5/25/2022,
1391,93.9,gf,3.845,mm,OK,--,9:26:12 PM,5/25/2022,
1392,94.0,gf,3.840,mm,OK,--,9:26:12 PM,5/25/2022,
1393,93.9,gf,3.840,mm,OK,--,9:26:12 PM,5/25/2022,
1394,93.9,gf,3.835,mm,OK,--,9:26:12 PM,5/25/2022,
1395,93.8,gf,3.835,mm,OK,--,9:26:12 PM,5/25/2022,
1396,93.8,gf,3.835,mm,OK,--,9:26:12 PM,5/25/2022,
1397,93.8,gf,3.830,mm,OK,--,9:26:12 PM,5/25/2022,
1398,93.7,gf,3.830,mm,OK,--,9:26:12 PM,5/25/2022,
1399,93.7,gf,3.825,mm,OK,--,9:26:13 PM,5/25/2022,
1400,93.6,gf,3.825,mm,OK,--,9:26:13 PM,5/25/2022,
1401,93.6,gf,3.820,mm,OK,--,9:26:13 PM,5/25/2022,
1402,93.5,gf,3.820,mm,OK,--,9:26:13 PM,5/25/2022,
1403,93.5,gf,3.815,mm,OK,--,9:26:13 PM,5/25/2022,
1404,93.5,gf,3.815,mm,OK,--,9:26:13 PM,5/25/2022,
1405,93.4,gf,3.810,mm,OK,--,9:26:13 PM,5/25/2022,
1406,93.3,gf,3.810,mm,OK,--,9:26:13 PM,5/25/2022,
1407,93.2,gf,3.805,mm,OK,--,9:26:13 PM,5/25/2022,
1408,93.1,gf,3.800,mm,OK,--,9:26:13 PM,5/25/2022,
1409,93.1,gf,3.800,mm,OK,--,9:26:14 PM,5/25/2022,
1410,93.0,gf,3.795,mm,OK,--,9:26:14 PM,5/25/2022,
1411,92.9,gf,3.790,mm,OK,--,9:26:14 PM,5/25/2022,
1412,92.9,gf,3.790,mm,OK,--,9:26:14 PM,5/25/2022,
1413,92.9,gf,3.785,mm,OK,--,9:26:14 PM,5/25/2022,
1414,92.8,gf,3.785,mm,OK,--,9:26:14 PM,5/25/2022,
1415,92.7,gf,3.780,mm,OK,--,9:26:14 PM,5/25/2022,
1416,92.7,gf,3.780,mm,OK,--,9:26:14 PM,5/25/2022,
1417,92.6,gf,3.775,mm,OK,--,9:26:14 PM,5/25/2022,
1418,92.5,gf,3.770,mm,OK,--,9:26:14 PM,5/25/2022,
1419,92.5,gf,3.770,mm,OK,--,9:26:15 PM,5/25/2022,
1420,92.4,gf,3.765,mm,OK,--,9:26:15 PM,5/25/2022,
1421,92.3,gf,3.760,mm,OK,--,9:26:15 PM,5/25/2022,
1422,92.2,gf,3.755,mm,OK,--,9:26:15 PM,5/25/2022,
1423,92.2,gf,3.755,mm,OK,--,9:26:15 PM,5/25/2022,
1424,92.1,gf,3.750,mm,OK,--,9:26:15 PM,5/25/2022,
1425,92.0,gf,3.745,mm,OK,--,9:26:15 PM,5/25/2022,
1426,92.0,gf,3.740,mm,OK,--,9:26:15 PM,5/25/2022,
1427,91.9,gf,3.740,mm,OK,--,9:26:15 PM,5/25/2022,
1428,91.9,gf,3.740,mm,OK,--,9:26:15 PM,5/25/2022,
1429,91.7,gf,3.735,mm,OK,--,9:26:16 PM,5/25/2022,
1430,91.8,gf,3.730,mm,OK,--,9:26:16 PM,5/25/2022,
1431,91.7,gf,3.725,mm,OK,--,9:26:16 PM,5/25/2022,
1432,91.7,gf,3.725,mm,OK,--,9:26:16 PM,5/25/2022,
1433,91.5,gf,3.720,mm,OK,--,9:26:16 PM,5/25/2022,
1434,91.4,gf,3.715,mm,OK,--,9:26:16 PM,5/25/2022,
1435,91.3,gf,3.710,mm,OK,--,9:26:16 PM,5/25/2022,
1436,91.2,gf,3.710,mm,OK,--,9:26:16 PM,5/25/2022,
1437,91.2,gf,3.705,mm,OK,--,9:26:16 PM,5/25/2022,
1438,91.1,gf,3.705,mm,OK,--,9:26:16 PM,5/25/2022,
1439,91.2,gf,3.700,mm,OK,--,9:26:17 PM,5/25/2022,
1440,91.1,gf,3.700,mm,OK,--,9:26:17 PM,5/25/2022,
1441,91.1,gf,3.700,mm,OK,--,9:26:17 PM,5/25/2022,
1442,91.1,gf,3.695,mm,OK,--,9:26:17 PM,5/25/2022,
1443,91.0,gf,3.695,mm,OK,--,9:26:17 PM,5/25/2022,
1444,90.9,gf,3.695,mm,OK,--,9:26:17 PM,5/25/2022,
1445,90.9,gf,3.690,mm,OK,--,9:26:17 PM,5/25/2022,
1446,91.1,gf,3.690,mm,OK,--,9:26:17 PM,5/25/2022,
1447,90.9,gf,3.690,mm,OK,--,9:26:17 PM,5/25/2022,
1448,90.8,gf,3.690,mm,OK,--,9:26:17 PM,5/25/2022,
1449,90.8,gf,3.685,mm,OK,--,9:26:18 PM,5/25/2022,
1450,90.9,gf,3.685,mm,OK,--,9:26:18 PM,5/25/2022,
1451,90.8,gf,3.685,mm,OK,--,9:26:18 PM,5/25/2022,
1452,90.7,gf,3.685,mm,OK,--,9:26:18 PM,5/25/2022,
1453,90.7,gf,3.680,mm,OK,--,9:26:18 PM,5/25/2022,
1454,90.8,gf,3.680,mm,OK,--,9:26:18 PM,5/25/2022,
1455,91.1,gf,3.680,mm,OK,--,9:26:18 PM,5/25/2022,
1456,90.7,gf,3.680,mm,OK,--,9:26:18 PM,5/25/2022,
1457,90.7,gf,3.675,mm,OK,--,9:26:18 PM,5/25/2022,
1458,90.6,gf,3.675,mm,OK,--,9:26:18 PM,5/25/2022,
1459,90.8,gf,3.675,mm,OK,--,9:26:19 PM,5/25/2022,
1460,90.6,gf,3.675,mm,OK,--,9:26:19 PM,5/25/2022,
1461,90.6,gf,3.675,mm,OK,--,9:26:19 PM,5/25/2022,
1462,90.6,gf,3.670,mm,OK,--,9:26:19 PM,5/25/2022,
1463,90.6,gf,3.670,mm,OK,--,9:26:19 PM,5/25/2022,
1464,90.5,gf,3.670,mm,OK,--,9:26:19 PM,5/25/2022,
1465,90.5,gf,3.670,mm,OK,--,9:26:19 PM,5/25/2022,
1466,90.5,gf,3.665,mm,OK,--,9:26:19 PM,5/25/2022,
1467,90.3,gf,3.660,mm,OK,--,9:26:19 PM,5/25/2022,
1468,90.4,gf,3.660,mm,OK,--,9:26:19 PM,5/25/2022,
1469,90.2,gf,3.655,mm,OK,--,9:26:20 PM,5/25/2022,
1470,90.2,gf,3.650,mm,OK,--,9:26:20 PM,5/25/2022,
1471,90.1,gf,3.650,mm,OK,--,9:26:20 PM,5/25/2022,
1472,90.2,gf,3.645,mm,OK,--,9:26:20 PM,5/25/2022,
1473,90.1,gf,3.645,mm,OK,--,9:26:20 PM,5/25/2022,
1474,90.0,gf,3.640,mm,OK,--,9:26:20 PM,5/25/2022,
1475,90.0,gf,3.640,mm,OK,--,9:26:20 PM,5/25/2022,
1476,90.0,gf,3.635,mm,OK,--,9:26:20 PM,5/25/2022,
1477,89.9,gf,3.630,mm,OK,--,9:26:20 PM,5/25/2022,
1478,89.7,gf,3.630,mm,OK,--,9:26:20 PM,5/25/2022,
1479,89.8,gf,3.625,mm,OK,--,9:26:21 PM,5/25/2022,
1480,89.8,gf,3.620,mm,OK,--,9:26:21 PM,5/25/2022,
1481,89.6,gf,3.615,mm,OK,--,9:26:21 PM,5/25/2022,
1482,89.5,gf,3.610,mm,OK,--,9:26:21 PM,5/25/2022,
1483,89.4,gf,3.605,mm,OK,--,9:26:21 PM,5/25/2022,
1484,89.4,gf,3.600,mm,OK,--,9:26:21 PM,5/25/2022,
1485,89.3,gf,3.600,mm,OK,--,9:26:21 PM,5/25/2022,
1486,89.3,gf,3.595,mm,OK,--,9:26:21 PM,5/25/2022,
1487,89.2,gf,3.590,mm,OK,--,9:26:21 PM,5/25/2022,
1488,89.2,gf,3.590,mm,OK,--,9:26:21 PM,5/25/2022,
1489,89.1,gf,3.585,mm,OK,--,9:26:22 PM,5/25/2022,
1490,89.0,gf,3.585,mm,OK,--,9:26:22 PM,5/25/2022,
1491,89.1,gf,3.580,mm,OK,--,9:26:22 PM,5/25/2022,
1492,88.9,gf,3.575,mm,OK,--,9:26:22 PM,5/25/2022,
1493,88.8,gf,3.570,mm,OK,--,9:26:22 PM,5/25/2022,
1494,88.7,gf,3.565,mm,OK,--,9:26:22 PM,5/25/2022,
1495,88.8,gf,3.565,mm,OK,--,9:26:22 PM,5/25/2022,
1496,88.6,gf,3.565,mm,OK,--,9:26:22 PM,5/25/2022,
1497,88.7,gf,3.560,mm,OK,--,9:26:22 PM,5/25/2022,
1498,88.6,gf,3.560,mm,OK,--,9:26:22 PM,5/25/2022,
1499,88.7,gf,3.555,mm,OK,--,9:26:23 PM,5/25/2022,
1500,88.6,gf,3.555,mm,OK,--,9:26:23 PM,5/25/2022,
1501,88.4,gf,3.545,mm,OK,--,9:26:23 PM,5/25/2022,
1502,88.3,gf,3.535,mm,OK,--,9:26:23 PM,5/25/2022,
1503,88.3,gf,3.535,mm,OK,--,9:26:23 PM,5/25/2022,
1504,88.2,gf,3.535,mm,OK,--,9:26:23 PM,5/25/2022,
1505,88.3,gf,3.535,mm,OK,--,9:26:23 PM,5/25/2022,
1506,88.3,gf,3.535,mm,OK,--,9:26:23 PM,5/25/2022,
1507,88.2,gf,3.535,mm,OK,--,9:26:23 PM,5/25/2022,
1508,88.2,gf,3.530,mm,OK,--,9:26:23 PM,5/25/2022,
1509,88.1,gf,3.530,mm,OK,--,9:26:24 PM,5/25/2022,
1510,88.2,gf,3.530,mm,OK,--,9:26:24 PM,5/25/2022,
1511,88.1,gf,3.530,mm,OK,--,9:26:24 PM,5/25/2022,
1512,88.1,gf,3.530,mm,OK,--,9:26:24 PM,5/25/2022,
1513,88.1,gf,3.520,mm,OK,--,9:26:24 PM,5/25/2022,
1514,88.0,gf,3.515,mm,OK,--,9:26:24 PM,5/25/2022,
1515,87.8,gf,3.510,mm,OK,--,9:26:24 PM,5/25/2022,
1516,87.7,gf,3.505,mm,OK,--,9:26:24 PM,5/25/2022,
1517,87.7,gf,3.500,mm,OK,--,9:26:24 PM,5/25/2022,
1518,87.6,gf,3.495,mm,OK,--,9:26:24 PM,5/25/2022,
1519,87.9,gf,3.495,mm,OK,--,9:26:25 PM,5/25/2022,
1520,88.2,gf,3.495,mm,OK,--,9:26:25 PM,5/25/2022,
1521,88.1,gf,3.495,mm,OK,--,9:26:25 PM,5/25/2022,
1522,87.9,gf,3.495,mm,OK,--,9:26:25 PM,5/25/2022,
1523,87.4,gf,3.495,mm,OK,--,9:26:25 PM,5/25/2022,
1524,87.5,gf,3.495,mm,OK,--,9:26:25 PM,5/25/2022,
1525,87.3,gf,3.490,mm,OK,--,9:26:25 PM,5/25/2022,
1526,87.5,gf,3.490,mm,OK,--,9:26:25 PM,5/25/2022,
1527,87.3,gf,3.480,mm,OK,--,9:26:25 PM,5/25/2022,
1528,86.9,gf,3.450,mm,OK,--,9:26:25 PM,5/25/2022,
1529,86.1,gf,3.405,mm,OK,--,9:26:26 PM,5/25/2022,
1530,86.0,gf,3.385,mm,OK,--,9:26:26 PM,5/25/2022,
1531,85.8,gf,3.380,mm,OK,--,9:26:26 PM,5/25/2022,
1532,85.7,gf,3.375,mm,OK,--,9:26:26 PM,5/25/2022,
1533,85.5,gf,3.365,mm,OK,--,9:26:26 PM,5/25/2022,
1534,85.4,gf,3.350,mm,OK,--,9:26:26 PM,5/25/2022,
1535,85.2,gf,3.340,mm,OK,--,9:26:26 PM,5/25/2022,
1536,85.0,gf,3.330,mm,OK,--,9:26:26 PM,5/25/2022,
1537,85.0,gf,3.325,mm,OK,--,9:26:26 PM,5/25/2022,
1538,84.9,gf,3.320,mm,OK,--,9:26:26 PM,5/25/2022,
1539,84.8,gf,3.315,mm,OK,--,9:26:27 PM,5/25/2022,
1540,84.9,gf,3.310,mm,OK,--,9:26:27 PM,5/25/2022,
1541,84.7,gf,3.310,mm,OK,--,9:26:27 PM,5/25/2022,
1542,84.6,gf,3.305,mm,OK,--,9:26:27 PM,5/25/2022,
1543,84.6,gf,3.305,mm,OK,--,9:26:27 PM,5/25/2022,
1544,84.6,gf,3.300,mm,OK,--,9:26:27 PM,5/25/2022,
1545,84.5,gf,3.295,mm,OK,--,9:26:27 PM,5/25/2022,
1546,84.4,gf,3.285,mm,OK,--,9:26:27 PM,5/25/2022,
1547,84.2,gf,3.275,mm,OK,--,9:26:27 PM,5/25/2022,
1548,84.1,gf,3.270,mm,OK,--,9:26:27 PM,5/25/2022,
1549,84.1,gf,3.265,mm,OK,--,9:26:28 PM,5/25/2022,
1550,84.0,gf,3.255,mm,OK,--,9:26:28 PM,5/25/2022,
1551,83.8,gf,3.250,mm,OK,--,9:26:28 PM,5/25/2022,
1552,83.8,gf,3.240,mm,OK,--,9:26:28 PM,5/25/2022,
1553,83.7,gf,3.235,mm,OK,--,9:26:28 PM,5/25/2022,
1554,83.5,gf,3.230,mm,OK,--,9:26:28 PM,5/25/2022,
1555,83.5,gf,3.220,mm,OK,--,9:26:28 PM,5/25/2022,
1556,83.3,gf,3.215,mm,OK,--,9:26:28 PM,5/25/2022,
1557,83.2,gf,3.205,mm,OK,--,9:26:28 PM,5/25/2022,
1558,83.1,gf,3.200,mm,OK,--,9:26:28 PM,5/25/2022,
1559,83.0,gf,3.195,mm,OK,--,9:26:29 PM,5/25/2022,
1560,83.0,gf,3.190,mm,OK,--,9:26:29 PM,5/25/2022,
1561,82.8,gf,3.185,mm,OK,--,9:26:29 PM,5/25/2022,
1562,82.8,gf,3.180,mm,OK,--,9:26:29 PM,5/25/2022,
1563,82.7,gf,3.175,mm,OK,--,9:26:29 PM,5/25/2022,
1564,82.7,gf,3.175,mm,OK,--,9:26:29 PM,5/25/2022,
1565,82.6,gf,3.170,mm,OK,--,9:26:29 PM,5/25/2022,
1566,82.6,gf,3.165,mm,OK,--,9:26:29 PM,5/25/2022,
1567,82.5,gf,3.160,mm,OK,--,9:26:29 PM,5/25/2022,
1568,82.5,gf,3.155,mm,OK,--,9:26:29 PM,5/25/2022,
1569,82.4,gf,3.150,mm,OK,--,9:26:30 PM,5/25/2022,
1570,82.2,gf,3.140,mm,OK,--,9:26:30 PM,5/25/2022,
1571,82.2,gf,3.135,mm,OK,--,9:26:30 PM,5/25/2022,
1572,82.0,gf,3.130,mm,OK,--,9:26:30 PM,5/25/2022,
1573,82.0,gf,3.125,mm,OK,--,9:26:30 PM,5/25/2022,
1574,81.9,gf,3.120,mm,OK,--,9:26:30 PM,5/25/2022,
1575,81.9,gf,3.120,mm,OK,--,9:26:30 PM,5/25/2022,
1576,81.9,gf,3.115,mm,OK,--,9:26:30 PM,5/25/2022,
1577,81.8,gf,3.115,mm,OK,--,9:26:30 PM,5/25/2022,
1578,81.8,gf,3.110,mm,OK,--,9:26:30 PM,5/25/2022,
1579,81.8,gf,3.110,mm,OK,--,9:26:31 PM,5/25/2022,
1580,81.7,gf,3.110,mm,OK,--,9:26:31 PM,5/25/2022,
1581,81.7,gf,3.110,mm,OK,--,9:26:31 PM,5/25/2022,
1582,81.8,gf,3.110,mm,OK,--,9:26:31 PM,5/25/2022,
1583,81.7,gf,3.105,mm,OK,--,9:26:31 PM,5/25/2022,
1584,81.7,gf,3.105,mm,OK,--,9:26:31 PM,5/25/2022,
1585,81.7,gf,3.105,mm,OK,--,9:26:31 PM,5/25/2022,
1586,81.6,gf,3.100,mm,OK,--,9:26:31 PM,5/25/2022,
1587,81.6,gf,3.100,mm,OK,--,9:26:31 PM,5/25/2022,
1588,81.5,gf,3.095,mm,OK,--,9:26:31 PM,5/25/2022,
1589,81.5,gf,3.085,mm,OK,--,9:26:32 PM,5/25/2022,
1590,81.4,gf,3.080,mm,OK,--,9:26:32 PM,5/25/2022,
1591,81.4,gf,3.075,mm,OK,--,9:26:32 PM,5/25/2022,
1592,81.3,gf,3.070,mm,OK,--,9:26:32 PM,5/25/2022,
1593,81.2,gf,3.065,mm,OK,--,9:26:32 PM,5/25/2022,
1594,81.1,gf,3.060,mm,OK,--,9:26:32 PM,5/25/2022,
1595,81.1,gf,3.060,mm,OK,--,9:26:32 PM,5/25/2022,
1596,81.1,gf,3.060,mm,OK,--,9:26:32 PM,5/25/2022,
1597,81.1,gf,3.055,mm,OK,--,9:26:32 PM,5/25/2022,
1598,81.1,gf,3.050,mm,OK,--,9:26:32 PM,5/25/2022,
1599,81.0,gf,3.045,mm,OK,--,9:26:33 PM,5/25/2022,
1600,80.9,gf,3.040,mm,OK,--,9:26:33 PM,5/25/2022,
1601,80.9,gf,3.035,mm,OK,--,9:26:33 PM,5/25/2022,
1602,80.8,gf,3.030,mm,OK,--,9:26:33 PM,5/25/2022,
1603,80.6,gf,3.030,mm,OK,--,9:26:33 PM,5/25/2022,
1604,80.6,gf,3.025,mm,OK,--,9:26:33 PM,5/25/2022,
1605,80.6,gf,3.025,mm,OK,--,9:26:33 PM,5/25/2022,
1606,80.5,gf,3.020,mm,OK,--,9:26:33 PM,5/25/2022,
1607,80.5,gf,3.020,mm,OK,--,9:26:33 PM,5/25/2022,
1608,80.5,gf,3.015,mm,OK,--,9:26:33 PM,5/25/2022,
1609,80.5,gf,3.015,mm,OK,--,9:26:34 PM,5/25/2022,
1610,80.4,gf,3.010,mm,OK,--,9:26:34 PM,5/25/2022,
1611,80.4,gf,3.010,mm,OK,--,9:26:34 PM,5/25/2022,
1612,80.4,gf,3.010,mm,OK,--,9:26:34 PM,5/25/2022,
1613,80.4,gf,3.005,mm,OK,--,9:26:34 PM,5/25/2022,
1614,80.3,gf,3.005,mm,OK,--,9:26:34 PM,5/25/2022,
1615,80.4,gf,3.005,mm,OK,--,9:26:34 PM,5/25/2022,
1616,80.4,gf,3.005,mm,OK,--,9:26:34 PM,5/25/2022,
1617,80.3,gf,3.005,mm,OK,--,9:26:34 PM,5/25/2022,
1618,80.3,gf,3.000,mm,OK,--,9:26:34 PM,5/25/2022,
1619,80.3,gf,3.000,mm,OK,--,9:26:35 PM,5/25/2022,
1620,80.3,gf,3.000,mm,OK,--,9:26:35 PM,5/25/2022,
1621,80.2,gf,3.000,mm,OK,--,9:26:35 PM,5/25/2022,
1622,80.2,gf,2.995,mm,OK,--,9:26:35 PM,5/25/2022,
1623,80.2,gf,2.995,mm,OK,--,9:26:35 PM,5/25/2022,
1624,80.2,gf,2.995,mm,OK,--,9:26:35 PM,5/25/2022,
1625,80.1,gf,2.995,mm,OK,--,9:26:35 PM,5/25/2022,
1626,80.2,gf,2.995,mm,OK,--,9:26:35 PM,5/25/2022,
1627,80.2,gf,2.995,mm,OK,--,9:26:35 PM,5/25/2022,
1628,80.2,gf,2.995,mm,OK,--,9:26:35 PM,5/25/2022,
1629,80.2,gf,2.995,mm,OK,--,9:26:36 PM,5/25/2022,
1630,80.1,gf,2.990,mm,OK,--,9:26:36 PM,5/25/2022,
1631,80.2,gf,2.990,mm,OK,--,9:26:36 PM,5/25/2022,
1632,80.1,gf,2.990,mm,OK,--,9:26:36 PM,5/25/2022,
1633,80.0,gf,2.985,mm,OK,--,9:26:36 PM,5/25/2022,
1634,80.0,gf,2.980,mm,OK,--,9:26:36 PM,5/25/2022,
1635,80.0,gf,2.975,mm,OK,--,9:26:36 PM,5/25/2022,
1636,79.9,gf,2.970,mm,OK,--,9:26:36 PM,5/25/2022,
1637,79.8,gf,2.965,mm,OK,--,9:26:36 PM,5/25/2022,
1638,79.7,gf,2.955,mm,OK,--,9:26:36 PM,5/25/2022,
1639,79.5,gf,2.950,mm,OK,--,9:26:37 PM,5/25/2022,
1640,79.6,gf,2.945,mm,OK,--,9:26:37 PM,5/25/2022,
1641,79.4,gf,2.940,mm,OK,--,9:26:37 PM,5/25/2022,
1642,79.4,gf,2.935,mm,OK,--,9:26:37 PM,5/25/2022,
1643,79.4,gf,2.930,mm,OK,--,9:26:37 PM,5/25/2022,
1644,79.3,gf,2.925,mm,OK,--,9:26:37 PM,5/25/2022,
1645,79.3,gf,2.925,mm,OK,--,9:26:37 PM,5/25/2022,
1646,79.3,gf,2.920,mm,OK,--,9:26:37 PM,5/25/2022,
1647,79.2,gf,2.915,mm,OK,--,9:26:37 PM,5/25/2022,
1648,79.1,gf,2.915,mm,OK,--,9:26:37 PM,5/25/2022,
1649,79.0,gf,2.910,mm,OK,--,9:26:38 PM,5/25/2022,
1650,79.0,gf,2.905,mm,OK,--,9:26:38 PM,5/25/2022,
1651,78.9,gf,2.900,mm,OK,--,9:26:38 PM,5/25/2022,
1652,78.8,gf,2.900,mm,OK,--,9:26:38 PM,5/25/2022,
1653,78.8,gf,2.895,mm,OK,--,9:26:38 PM,5/25/2022,
1654,78.8,gf,2.890,mm,OK,--,9:26:38 PM,5/25/2022,
1655,78.7,gf,2.890,mm,OK,--,9:26:38 PM,5/25/2022,
1656,78.7,gf,2.890,mm,OK,--,9:26:38 PM,5/25/2022,
1657,78.7,gf,2.885,mm,OK,--,9:26:38 PM,5/25/2022,
1658,78.7,gf,2.885,mm,OK,--,9:26:38 PM,5/25/2022,
1659,78.6,gf,2.885,mm,OK,--,9:26:39 PM,5/25/2022,
1660,78.6,gf,2.880,mm,OK,--,9:26:39 PM,5/25/2022,
1661,78.6,gf,2.880,mm,OK,--,9:26:39 PM,5/25/2022,
1662,78.6,gf,2.875,mm,OK,--,9:26:39 PM,5/25/2022,
1663,78.5,gf,2.875,mm,OK,--,9:26:39 PM,5/25/2022,
1664,78.5,gf,2.875,mm,OK,--,9:26:39 PM,5/25/2022,
1665,78.6,gf,2.870,mm,OK,--,9:26:39 PM,5/25/2022,
1666,78.5,gf,2.870,mm,OK,--,9:26:39 PM,5/25/2022,
1667,78.5,gf,2.865,mm,OK,--,9:26:39 PM,5/25/2022,
1668,78.4,gf,2.860,mm,OK,--,9:26:39 PM,5/25/2022,
1669,78.3,gf,2.855,mm,OK,--,9:26:40 PM,5/25/2022,
1670,78.2,gf,2.850,mm,OK,--,9:26:40 PM,5/25/2022,
1671,78.2,gf,2.850,mm,OK,--,9:26:40 PM,5/25/2022,
1672,78.2,gf,2.850,mm,OK,--,9:26:40 PM,5/25/2022,
1673,77.1,gf,2.850,mm,OK,--,9:26:40 PM,5/25/2022,
1674,78.2,gf,2.850,mm,OK,--,9:26:40 PM,5/25/2022,
1675,78.2,gf,2.850,mm,OK,--,9:26:40 PM,5/25/2022,
1676,78.2,gf,2.850,mm,OK,--,9:26:40 PM,5/25/2022,
1677,78.2,gf,2.850,mm,OK,--,9:26:40 PM,5/25/2022,
1678,78.2,gf,2.850,mm,OK,--,9:26:40 PM,5/25/2022,
1679,78.2,gf,2.850,mm,OK,--,9:26:41 PM,5/25/2022,
1680,78.2,gf,2.845,mm,OK,--,9:26:41 PM,5/25/2022,
1681,78.2,gf,2.840,mm,OK,--,9:26:41 PM,5/25/2022,
1682,77.9,gf,2.830,mm,OK,--,9:26:41 PM,5/25/2022,
1683,77.7,gf,2.815,mm,OK,--,9:26:41 PM,5/25/2022,
1684,77.4,gf,2.790,mm,OK,--,9:26:41 PM,5/25/2022,
1685,77.4,gf,2.790,mm,OK,--,9:26:41 PM,5/25/2022,
1686,77.5,gf,2.790,mm,OK,--,9:26:41 PM,5/25/2022,
1687,77.2,gf,2.790,mm,OK,--,9:26:41 PM,5/25/2022,
1688,77.4,gf,2.790,mm,OK,--,9:26:41 PM,5/25/2022,
1689,77.5,gf,2.790,mm,OK,--,9:26:42 PM,5/25/2022,
1690,77.4,gf,2.790,mm,OK,--,9:26:42 PM,5/25/2022,
1691,77.3,gf,2.790,mm,OK,--,9:26:42 PM,5/25/2022,
1692,77.1,gf,2.785,mm,OK,--,9:26:42 PM,5/25/2022,
1693,76.6,gf,2.775,mm,OK,--,9:26:42 PM,5/25/2022,
1694,76.1,gf,2.765,mm,OK,--,9:26:42 PM,5/25/2022,
1695,76.1,gf,2.755,mm,OK,--,9:26:42 PM,5/25/2022,
1696,75.6,gf,2.750,mm,OK,--,9:26:42 PM,5/25/2022,
1697,75.1,gf,2.740,mm,OK,--,9:26:42 PM,5/25/2022,
1698,74.7,gf,2.725,mm,OK,--,9:26:42 PM,5/25/2022,
1699,73.8,gf,2.710,mm,OK,--,9:26:43 PM,5/25/2022,
1700,73.1,gf,2.695,mm,OK,--,9:26:43 PM,5/25/2022,
1701,72.3,gf,2.680,mm,OK,--,9:26:43 PM,5/25/2022,
1702,71.8,gf,2.670,mm,OK,--,9:26:43 PM,5/25/2022,
1703,71.3,gf,2.660,mm,OK,--,9:26:43 PM,5/25/2022,
1704,71.0,gf,2.650,mm,OK,--,9:26:43 PM,5/25/2022,
1705,70.5,gf,2.635,mm,OK,--,9:26:43 PM,5/25/2022,
1706,70.2,gf,2.625,mm,OK,--,9:26:43 PM,5/25/2022,
1707,69.8,gf,2.615,mm,OK,--,9:26:43 PM,5/25/2022,
1708,69.4,gf,2.600,mm,OK,--,9:26:43 PM,5/25/2022,
1709,69.0,gf,2.590,mm,OK,--,9:26:44 PM,5/25/2022,
1710,68.7,gf,2.580,mm,OK,--,9:26:44 PM,5/25/2022,
1711,68.4,gf,2.575,mm,OK,--,9:26:44 PM,5/25/2022,
1712,68.0,gf,2.560,mm,OK,--,9:26:44 PM,5/25/2022,
1713,67.6,gf,2.545,mm,OK,--,9:26:44 PM,5/25/2022,
1714,67.2,gf,2.540,mm,OK,--,9:26:44 PM,5/25/2022,
1715,67.1,gf,2.535,mm,OK,--,9:26:44 PM,5/25/2022,
1716,67.0,gf,2.530,mm,OK,--,9:26:44 PM,5/25/2022,
1717,66.9,gf,2.525,mm,OK,--,9:26:44 PM,5/25/2022,
1718,66.8,gf,2.520,mm,OK,--,9:26:44 PM,5/25/2022,
1719,66.6,gf,2.520,mm,OK,--,9:26:45 PM,5/25/2022,
1720,66.5,gf,2.515,mm,OK,--,9:26:45 PM,5/25/2022,
1721,66.5,gf,2.515,mm,OK,--,9:26:45 PM,5/25/2022,
1722,66.3,gf,2.510,mm,OK,--,9:26:45 PM,5/25/2022,
1723,66.3,gf,2.510,mm,OK,--,9:26:45 PM,5/25/2022,
1724,66.2,gf,2.505,mm,OK,--,9:26:45 PM,5/25/2022,
1725,66.0,gf,2.505,mm,OK,--,9:26:45 PM,5/25/2022,
1726,65.9,gf,2.500,mm,OK,--,9:26:45 PM,5/25/2022,
1727,65.9,gf,2.495,mm,OK,--,9:26:45 PM,5/25/2022,
1728,65.7,gf,2.495,mm,OK,--,9:26:45 PM,5/25/2022,
1729,65.6,gf,2.490,mm,OK,--,9:26:46 PM,5/25/2022,
1730,65.4,gf,2.490,mm,OK,--,9:26:46 PM,5/25/2022,
1731,65.5,gf,2.485,mm,OK,--,9:26:46 PM,5/25/2022,
1732,65.3,gf,2.480,mm,OK,--,9:26:46 PM,5/25/2022,
1733,65.3,gf,2.480,mm,OK,--,9:26:46 PM,5/25/2022,
1734,65.1,gf,2.475,mm,OK,--,9:26:46 PM,5/25/2022,
1735,64.9,gf,2.470,mm,OK,--,9:26:46 PM,5/25/2022,
1736,64.9,gf,2.465,mm,OK,--,9:26:46 PM,5/25/2022,
1737,64.7,gf,2.460,mm,OK,--,9:26:46 PM,5/25/2022,
1738,64.7,gf,2.455,mm,OK,--,9:26:46 PM,5/25/2022,
1739,64.6,gf,2.450,mm,OK,--,9:26:47 PM,5/25/2022,
1740,64.6,gf,2.445,mm,OK,--,9:26:47 PM,5/25/2022,
1741,64.4,gf,2.440,mm,OK,--,9:26:47 PM,5/25/2022,
1742,64.3,gf,2.435,mm,OK,--,9:26:47 PM,5/25/2022,
1743,64.2,gf,2.425,mm,OK,--,9:26:47 PM,5/25/2022,
1744,64.2,gf,2.420,mm,OK,--,9:26:47 PM,5/25/2022,
1745,64.0,gf,2.415,mm,OK,--,9:26:47 PM,5/25/2022,
1746,63.8,gf,2.405,mm,OK,--,9:26:47 PM,5/25/2022,
1747,63.8,gf,2.400,mm,OK,--,9:26:47 PM,5/25/2022,
1748,63.7,gf,2.390,mm,OK,--,9:26:47 PM,5/25/2022,
1749,63.5,gf,2.380,mm,OK,--,9:26:48 PM,5/25/2022,
1750,63.4,gf,2.375,mm,OK,--,9:26:48 PM,5/25/2022,
1751,63.5,gf,2.370,mm,OK,--,9:26:48 PM,5/25/2022,
1752,63.4,gf,2.365,mm,OK,--,9:26:48 PM,5/25/2022,
1753,63.3,gf,2.360,mm,OK,--,9:26:48 PM,5/25/2022,
1754,63.3,gf,2.360,mm,OK,--,9:26:48 PM,5/25/2022,
1755,63.2,gf,2.355,mm,OK,--,9:26:48 PM,5/25/2022,
1756,63.2,gf,2.350,mm,OK,--,9:26:48 PM,5/25/2022,
1757,63.2,gf,2.345,mm,OK,--,9:26:48 PM,5/25/2022,
1758,63.0,gf,2.340,mm,OK,--,9:26:48 PM,5/25/2022,
1759,63.0,gf,2.335,mm,OK,--,9:26:49 PM,5/25/2022,
1760,62.8,gf,2.325,mm,OK,--,9:26:49 PM,5/25/2022,
1761,62.7,gf,2.320,mm,OK,--,9:26:49 PM,5/25/2022,
1762,62.8,gf,2.315,mm,OK,--,9:26:49 PM,5/25/2022,
1763,62.7,gf,2.305,mm,OK,--,9:26:49 PM,5/25/2022,
1764,62.5,gf,2.300,mm,OK,--,9:26:49 PM,5/25/2022,
1765,62.2,gf,2.290,mm,OK,--,9:26:49 PM,5/25/2022,
1766,62.2,gf,2.280,mm,OK,--,9:26:49 PM,5/25/2022,
1767,62.0,gf,2.270,mm,OK,--,9:26:49 PM,5/25/2022,
1768,61.9,gf,2.260,mm,OK,--,9:26:49 PM,5/25/2022,
1769,61.7,gf,2.255,mm,OK,--,9:26:50 PM,5/25/2022,
1770,61.7,gf,2.245,mm,OK,--,9:26:50 PM,5/25/2022,
1771,61.7,gf,2.240,mm,OK,--,9:26:50 PM,5/25/2022,
1772,61.6,gf,2.235,mm,OK,--,9:26:50 PM,5/25/2022,
1773,61.5,gf,2.230,mm,OK,--,9:26:50 PM,5/25/2022,
1774,61.5,gf,2.230,mm,OK,--,9:26:50 PM,5/25/2022,
1775,61.4,gf,2.225,mm,OK,--,9:26:50 PM,5/25/2022,
1776,61.3,gf,2.220,mm,OK,--,9:26:50 PM,5/25/2022,
1777,61.3,gf,2.215,mm,OK,--,9:26:50 PM,5/25/2022,
1778,61.2,gf,2.210,mm,OK,--,9:26:50 PM,5/25/2022,
1779,61.2,gf,2.205,mm,OK,--,9:26:51 PM,5/25/2022,
1780,61.2,gf,2.200,mm,OK,--,9:26:51 PM,5/25/2022,
1781,61.2,gf,2.195,mm,OK,--,9:26:51 PM,5/25/2022,
1782,61.0,gf,2.190,mm,OK,--,9:26:51 PM,5/25/2022,
1783,61.0,gf,2.185,mm,OK,--,9:26:51 PM,5/25/2022,
1784,60.8,gf,2.180,mm,OK,--,9:26:51 PM,5/25/2022,
1785,60.7,gf,2.170,mm,OK,--,9:26:51 PM,5/25/2022,
1786,60.6,gf,2.160,mm,OK,--,9:26:51 PM,5/25/2022,
1787,60.5,gf,2.150,mm,OK,--,9:26:51 PM,5/25/2022,
1788,60.4,gf,2.145,mm,OK,--,9:26:51 PM,5/25/2022,
1789,60.3,gf,2.140,mm,OK,--,9:26:52 PM,5/25/2022,
1790,60.3,gf,2.135,mm,OK,--,9:26:52 PM,5/25/2022,
1791,60.1,gf,2.125,mm,OK,--,9:26:52 PM,5/25/2022,
1792,60.0,gf,2.120,mm,OK,--,9:26:52 PM,5/25/2022,
1793,60.0,gf,2.110,mm,OK,--,9:26:52 PM,5/25/2022,
1794,59.9,gf,2.105,mm,OK,--,9:26:52 PM,5/25/2022,
1795,59.9,gf,2.100,mm,OK,--,9:26:52 PM,5/25/2022,
1796,59.8,gf,2.095,mm,OK,--,9:26:52 PM,5/25/2022,
1797,59.7,gf,2.090,mm,OK,--,9:26:52 PM,5/25/2022,
1798,59.7,gf,2.090,mm,OK,--,9:26:52 PM,5/25/2022,
1799,59.6,gf,2.085,mm,OK,--,9:26:53 PM,5/25/2022,
1800,59.6,gf,2.075,mm,OK,--,9:26:53 PM,5/25/2022,
1801,59.6,gf,2.075,mm,OK,--,9:26:53 PM,5/25/2022,
1802,59.5,gf,2.065,mm,OK,--,9:26:53 PM,5/25/2022,
1803,59.5,gf,2.060,mm,OK,--,9:26:53 PM,5/25/2022,
1804,59.4,gf,2.060,mm,OK,--,9:26:53 PM,5/25/2022,
1805,59.3,gf,2.055,mm,OK,--,9:26:53 PM,5/25/2022,
1806,59.2,gf,2.050,mm,OK,--,9:26:53 PM,5/25/2022,
1807,59.2,gf,2.045,mm,OK,--,9:26:53 PM,5/25/2022,
1808,59.2,gf,2.040,mm,OK,--,9:26:53 PM,5/25/2022,
1809,59.3,gf,2.035,mm,OK,--,9:26:54 PM,5/25/2022,
1810,59.2,gf,2.035,mm,OK,--,9:26:54 PM,5/25/2022,
1811,59.1,gf,2.030,mm,OK,--,9:26:54 PM,5/25/2022,
1812,59.1,gf,2.025,mm,OK,--,9:26:54 PM,5/25/2022,
1813,58.9,gf,2.020,mm,OK,--,9:26:54 PM,5/25/2022,
1814,58.9,gf,2.020,mm,OK,--,9:26:54 PM,5/25/2022,
1815,58.7,gf,2.015,mm,OK,--,9:26:54 PM,5/25/2022,
1816,58.8,gf,2.005,mm,OK,--,9:26:54 PM,5/25/2022,
1817,58.7,gf,2.000,mm,OK,--,9:26:54 PM,5/25/2022,
1818,58.6,gf,1.995,mm,OK,--,9:26:54 PM,5/25/2022,
1819,58.6,gf,1.990,mm,OK,--,9:26:55 PM,5/25/2022,
1820,58.5,gf,1.985,mm,OK,--,9:26:55 PM,5/25/2022,
1821,58.5,gf,1.980,mm,OK,--,9:26:55 PM,5/25/2022,
1822,58.5,gf,1.975,mm,OK,--,9:26:55 PM,5/25/2022,
1823,58.5,gf,1.970,mm,OK,--,9:26:55 PM,5/25/2022,
1824,58.3,gf,1.965,mm,OK,--,9:26:55 PM,5/25/2022,
1825,58.3,gf,1.960,mm,OK,--,9:26:55 PM,5/25/2022,
1826,58.3,gf,1.955,mm,OK,--,9:26:55 PM,5/25/2022,
1827,58.4,gf,1.950,mm,OK,--,9:26:55 PM,5/25/2022,
1828,58.3,gf,1.950,mm,OK,--,9:26:55 PM,5/25/2022,
1829,58.2,gf,1.945,mm,OK,--,9:26:56 PM,5/25/2022,
1830,58.0,gf,1.940,mm,OK,--,9:26:56 PM,5/25/2022,
1831,58.1,gf,1.935,mm,OK,--,9:26:56 PM,5/25/2022,
1832,58.1,gf,1.935,mm,OK,--,9:26:56 PM,5/25/2022,
1833,58.1,gf,1.930,mm,OK,--,9:26:56 PM,5/25/2022,
1834,58.0,gf,1.925,mm,OK,--,9:26:56 PM,5/25/2022,
1835,58.0,gf,1.925,mm,OK,--,9:26:56 PM,5/25/2022,
1836,57.9,gf,1.920,mm,OK,--,9:26:56 PM,5/25/2022,
1837,57.8,gf,1.915,mm,OK,--,9:26:56 PM,5/25/2022,
1838,57.8,gf,1.915,mm,OK,--,9:26:56 PM,5/25/2022,
1839,57.8,gf,1.910,mm,OK,--,9:26:57 PM,5/25/2022,
1840,57.7,gf,1.905,mm,OK,--,9:26:57 PM,5/25/2022,
1841,57.6,gf,1.900,mm,OK,--,9:26:57 PM,5/25/2022,
1842,57.6,gf,1.900,mm,OK,--,9:26:57 PM,5/25/2022,
1843,57.6,gf,1.895,mm,OK,--,9:26:57 PM,5/25/2022,
1844,57.4,gf,1.890,mm,OK,--,9:26:57 PM,5/25/2022,
1845,57.5,gf,1.890,mm,OK,--,9:26:57 PM,5/25/2022,
1846,57.5,gf,1.885,mm,OK,--,9:26:57 PM,5/25/2022,
1847,57.4,gf,1.880,mm,OK,--,9:26:57 PM,5/25/2022,
1848,57.4,gf,1.880,mm,OK,--,9:26:57 PM,5/25/2022,
1849,57.4,gf,1.875,mm,OK,--,9:26:58 PM,5/25/2022,
1850,57.3,gf,1.870,mm,OK,--,9:26:58 PM,5/25/2022,
1851,57.1,gf,1.865,mm,OK,--,9:26:58 PM,5/25/2022,
1852,57.0,gf,1.860,mm,OK,--,9:26:58 PM,5/25/2022,
1853,57.0,gf,1.855,mm,OK,--,9:26:58 PM,5/25/2022,
1854,57.0,gf,1.855,mm,OK,--,9:26:58 PM,5/25/2022,
1855,57.0,gf,1.850,mm,OK,--,9:26:58 PM,5/25/2022,
1856,56.9,gf,1.850,mm,OK,--,9:26:58 PM,5/25/2022,
1857,56.9,gf,1.845,mm,OK,--,9:26:58 PM,5/25/2022,
1858,56.9,gf,1.840,mm,OK,--,9:26:58 PM,5/25/2022,
1859,56.8,gf,1.835,mm,OK,--,9:26:59 PM,5/25/2022,
1860,56.7,gf,1.830,mm,OK,--,9:26:59 PM,5/25/2022,
1861,56.8,gf,1.825,mm,OK,--,9:26:59 PM,5/25/2022,
1862,56.8,gf,1.820,mm,OK,--,9:26:59 PM,5/25/2022,
1863,56.8,gf,1.815,mm,OK,--,9:26:59 PM,5/25/2022,
1864,56.7,gf,1.810,mm,OK,--,9:26:59 PM,5/25/2022,
1865,56.7,gf,1.810,mm,OK,--,9:26:59 PM,5/25/2022,
1866,56.6,gf,1.805,mm,OK,--,9:26:59 PM,5/25/2022,
1867,56.4,gf,1.800,mm,OK,--,9:26:59 PM,5/25/2022,
1868,56.5,gf,1.795,mm,OK,--,9:26:59 PM,5/25/2022,
1869,56.4,gf,1.790,mm,OK,--,9:27:00 PM,5/25/2022,
1870,56.4,gf,1.790,mm,OK,--,9:27:00 PM,5/25/2022,
1871,56.4,gf,1.785,mm,OK,--,9:27:00 PM,5/25/2022,
1872,56.4,gf,1.785,mm,OK,--,9:27:00 PM,5/25/2022,
1873,56.3,gf,1.780,mm,OK,--,9:27:00 PM,5/25/2022,
1874,56.3,gf,1.780,mm,OK,--,9:27:00 PM,5/25/2022,
1875,56.3,gf,1.775,mm,OK,--,9:27:00 PM,5/25/2022,
1876,56.2,gf,1.770,mm,OK,--,9:27:00 PM,5/25/2022,
1877,56.3,gf,1.765,mm,OK,--,9:27:00 PM,5/25/2022,
1878,56.1,gf,1.760,mm,OK,--,9:27:00 PM,5/25/2022,
1879,56.2,gf,1.755,mm,OK,--,9:27:01 PM,5/25/2022,
1880,56.1,gf,1.750,mm,OK,--,9:27:01 PM,5/25/2022,
1881,56.1,gf,1.745,mm,OK,--,9:27:01 PM,5/25/2022,
1882,56.1,gf,1.740,mm,OK,--,9:27:01 PM,5/25/2022,
1883,56.1,gf,1.735,mm,OK,--,9:27:01 PM,5/25/2022,
1884,56.0,gf,1.730,mm,OK,--,9:27:01 PM,5/25/2022,
1885,56.1,gf,1.730,mm,OK,--,9:27:01 PM,5/25/2022,
1886,56.1,gf,1.725,mm,OK,--,9:27:01 PM,5/25/2022,
1887,55.9,gf,1.725,mm,OK,--,9:27:01 PM,5/25/2022,
1888,55.9,gf,1.720,mm,OK,--,9:27:01 PM,5/25/2022,
1889,55.8,gf,1.715,mm,OK,--,9:27:02 PM,5/25/2022,
1890,55.8,gf,1.710,mm,OK,--,9:27:02 PM,5/25/2022,
1891,55.8,gf,1.705,mm,OK,--,9:27:02 PM,5/25/2022,
1892,55.8,gf,1.700,mm,OK,--,9:27:02 PM,5/25/2022,
1893,55.8,gf,1.700,mm,OK,--,9:27:02 PM,5/25/2022,
1894,55.7,gf,1.695,mm,OK,--,9:27:02 PM,5/25/2022,
1895,55.8,gf,1.690,mm,OK,--,9:27:02 PM,5/25/2022,
1896,55.7,gf,1.690,mm,OK,--,9:27:02 PM,5/25/2022,
1897,55.7,gf,1.685,mm,OK,--,9:27:02 PM,5/25/2022,
1898,55.6,gf,1.680,mm,OK,--,9:27:02 PM,5/25/2022,
1899,55.6,gf,1.675,mm,OK,--,9:27:03 PM,5/25/2022,
1900,55.5,gf,1.670,mm,OK,--,9:27:03 PM,5/25/2022,
1901,55.5,gf,1.670,mm,OK,--,9:27:03 PM,5/25/2022,
1902,55.4,gf,1.665,mm,OK,--,9:27:03 PM,5/25/2022,
1903,55.3,gf,1.660,mm,OK,--,9:27:03 PM,5/25/2022,
1904,55.1,gf,1.655,mm,OK,--,9:27:03 PM,5/25/2022,
1905,55.1,gf,1.650,mm,OK,--,9:27:03 PM,5/25/2022,
1906,55.3,gf,1.645,mm,OK,--,9:27:03 PM,5/25/2022,
1907,55.1,gf,1.640,mm,OK,--,9:27:03 PM,5/25/2022,
1908,55.1,gf,1.630,mm,OK,--,9:27:03 PM,5/25/2022,
1909,55.2,gf,1.625,mm,OK,--,9:27:04 PM,5/25/2022,
1910,55.2,gf,1.620,mm,OK,--,9:27:04 PM,5/25/2022,
1911,55.2,gf,1.615,mm,OK,--,9:27:04 PM,5/25/2022,
1912,55.1,gf,1.610,mm,OK,--,9:27:04 PM,5/25/2022,
1913,54.9,gf,1.605,mm,OK,--,9:27:04 PM,5/25/2022,
1914,54.9,gf,1.605,mm,OK,--,9:27:04 PM,5/25/2022,
1915,54.9,gf,1.600,mm,OK,--,9:27:04 PM,5/25/2022,
1916,54.8,gf,1.595,mm,OK,--,9:27:04 PM,5/25/2022,
1917,54.8,gf,1.590,mm,OK,--,9:27:04 PM,5/25/2022,
1918,54.9,gf,1.590,mm,OK,--,9:27:04 PM,5/25/2022,
1919,54.9,gf,1.585,mm,OK,--,9:27:05 PM,5/25/2022,
1920,54.8,gf,1.585,mm,OK,--,9:27:05 PM,5/25/2022,
1921,54.9,gf,1.580,mm,OK,--,9:27:05 PM,5/25/2022,
1922,54.9,gf,1.580,mm,OK,--,9:27:05 PM,5/25/2022,
1923,54.9,gf,1.580,mm,OK,--,9:27:05 PM,5/25/2022,
1924,54.7,gf,1.575,mm,OK,--,9:27:05 PM,5/25/2022,
1925,54.6,gf,1.570,mm,OK,--,9:27:05 PM,5/25/2022,
1926,54.7,gf,1.570,mm,OK,--,9:27:05 PM,5/25/2022,
1927,54.7,gf,1.565,mm,OK,--,9:27:05 PM,5/25/2022,
1928,54.5,gf,1.565,mm,OK,--,9:27:05 PM,5/25/2022,
1929,54.6,gf,1.560,mm,OK,--,9:27:06 PM,5/25/2022,
1930,54.7,gf,1.560,mm,OK,--,9:27:06 PM,5/25/2022,
1931,54.7,gf,1.560,mm,OK,--,9:27:06 PM,5/25/2022,
1932,54.6,gf,1.555,mm,OK,--,9:27:06 PM,5/25/2022,
1933,54.5,gf,1.555,mm,OK,--,9:27:06 PM,5/25/2022,
1934,54.4,gf,1.550,mm,OK,--,9:27:06 PM,5/25/2022,
1935,54.2,gf,1.545,mm,OK,--,9:27:06 PM,5/25/2022,
1936,54.1,gf,1.540,mm,OK,--,9:27:06 PM,5/25/2022,
1937,54.0,gf,1.535,mm,OK,--,9:27:06 PM,5/25/2022,
1938,54.0,gf,1.525,mm,OK,--,9:27:06 PM,5/25/2022,
1939,54.1,gf,1.515,mm,OK,--,9:27:07 PM,5/25/2022,
1940,54.2,gf,1.510,mm,OK,--,9:27:07 PM,5/25/2022,
1941,54.1,gf,1.505,mm,OK,--,9:27:07 PM,5/25/2022,
1942,54.0,gf,1.500,mm,OK,--,9:27:07 PM,5/25/2022,
1943,53.9,gf,1.495,mm,OK,--,9:27:07 PM,5/25/2022,
1944,54.0,gf,1.490,mm,OK,--,9:27:07 PM,5/25/2022,
1945,53.9,gf,1.490,mm,OK,--,9:27:07 PM,5/25/2022,
1946,54.0,gf,1.485,mm,OK,--,9:27:07 PM,5/25/2022,
1947,54.0,gf,1.480,mm,OK,--,9:27:07 PM,5/25/2022,
1948,54.0,gf,1.475,mm,OK,--,9:27:07 PM,5/25/2022,
1949,53.9,gf,1.470,mm,OK,--,9:27:08 PM,5/25/2022,
1950,53.7,gf,1.465,mm,OK,--,9:27:08 PM,5/25/2022,
1951,53.7,gf,1.460,mm,OK,--,9:27:08 PM,5/25/2022,
1952,53.7,gf,1.455,mm,OK,--,9:27:08 PM,5/25/2022,
1953,53.7,gf,1.455,mm,OK,--,9:27:08 PM,5/25/2022,
1954,53.6,gf,1.450,mm,OK,--,9:27:08 PM,5/25/2022,
1955,53.5,gf,1.445,mm,OK,--,9:27:08 PM,5/25/2022,
1956,53.2,gf,1.440,mm,OK,--,9:27:08 PM,5/25/2022,
1957,53.2,gf,1.435,mm,OK,--,9:27:08 PM,5/25/2022,
1958,53.2,gf,1.430,mm,OK,--,9:27:08 PM,5/25/2022,
1959,53.2,gf,1.425,mm,OK,--,9:27:09 PM,5/25/2022,
1960,53.2,gf,1.420,mm,OK,--,9:27:09 PM,5/25/2022,
1961,53.3,gf,1.415,mm,OK,--,9:27:09 PM,5/25/2022,
1962,53.3,gf,1.415,mm,OK,--,9:27:09 PM,5/25/2022,
1963,53.2,gf,1.410,mm,OK,--,9:27:09 PM,5/25/2022,
1964,53.2,gf,1.405,mm,OK,--,9:27:09 PM,5/25/2022,
1965,53.1,gf,1.400,mm,OK,--,9:27:09 PM,5/25/2022,
1966,53.1,gf,1.395,mm,OK,--,9:27:09 PM,5/25/2022,
1967,53.2,gf,1.395,mm,OK,--,9:27:09 PM,5/25/2022,
1968,53.2,gf,1.390,mm,OK,--,9:27:09 PM,5/25/2022,
1969,53.2,gf,1.390,mm,OK,--,9:27:10 PM,5/25/2022,
1970,53.1,gf,1.385,mm,OK,--,9:27:10 PM,5/25/2022,
1971,53.2,gf,1.385,mm,OK,--,9:27:10 PM,5/25/2022,
1972,53.3,gf,1.380,mm,OK,--,9:27:10 PM,5/25/2022,
1973,53.3,gf,1.380,mm,OK,--,9:27:10 PM,5/25/2022,
1974,53.3,gf,1.375,mm,OK,--,9:27:10 PM,5/25/2022,
1975,53.3,gf,1.375,mm,OK,--,9:27:10 PM,5/25/2022,
1976,53.2,gf,1.370,mm,OK,--,9:27:10 PM,5/25/2022,
1977,53.1,gf,1.370,mm,OK,--,9:27:10 PM,5/25/2022,
1978,53.1,gf,1.370,mm,OK,--,9:27:10 PM,5/25/2022,
1979,53.1,gf,1.365,mm,OK,--,9:27:11 PM,5/25/2022,
1980,53.1,gf,1.365,mm,OK,--,9:27:11 PM,5/25/2022,
1981,52.8,gf,1.365,mm,OK,--,9:27:11 PM,5/25/2022,
1982,52.7,gf,1.360,mm,OK,--,9:27:11 PM,5/25/2022,
1983,52.5,gf,1.355,mm,OK,--,9:27:11 PM,5/25/2022,
1984,52.5,gf,1.350,mm,OK,--,9:27:11 PM,5/25/2022,
1985,52.6,gf,1.350,mm,OK,--,9:27:11 PM,5/25/2022,
1986,52.6,gf,1.345,mm,OK,--,9:27:11 PM,5/25/2022,
1987,52.7,gf,1.340,mm,OK,--,9:27:11 PM,5/25/2022,
1988,52.7,gf,1.340,mm,OK,--,9:27:11 PM,5/25/2022,
1989,52.7,gf,1.335,mm,OK,--,9:27:12 PM,5/25/2022,
1990,52.7,gf,1.335,mm,OK,--,9:27:12 PM,5/25/2022,
1991,52.7,gf,1.330,mm,OK,--,9:27:12 PM,5/25/2022,
1992,52.6,gf,1.330,mm,OK,--,9:27:12 PM,5/25/2022,
1993,52.6,gf,1.325,mm,OK,--,9:27:12 PM,5/25/2022,
1994,52.5,gf,1.325,mm,OK,--,9:27:12 PM,5/25/2022,
1995,52.3,gf,1.320,mm,OK,--,9:27:12 PM,5/25/2022,
1996,52.3,gf,1.315,mm,OK,--,9:27:12 PM,5/25/2022,
1997,52.3,gf,1.310,mm,OK,--,9:27:12 PM,5/25/2022,
1998,52.1,gf,1.305,mm,OK,--,9:27:12 PM,5/25/2022,
1999,52.0,gf,1.300,mm,OK,--,9:27:13 PM,5/25/2022,
2000,51.9,gf,1.295,mm,OK,--,9:27:13 PM,5/25/2022,
2001,51.9,gf,1.290,mm,OK,--,9:27:13 PM,5/25/2022,
2002,51.9,gf,1.290,mm,OK,--,9:27:13 PM,5/25/2022,
2003,51.9,gf,1.285,mm,OK,--,9:27:13 PM,5/25/2022,
2004,51.7,gf,1.280,mm,OK,--,9:27:13 PM,5/25/2022,
2005,51.6,gf,1.280,mm,OK,--,9:27:13 PM,5/25/2022,
2006,51.6,gf,1.275,mm,OK,--,9:27:13 PM,5/25/2022,
2007,51.7,gf,1.270,mm,OK,--,9:27:13 PM,5/25/2022,
2008,51.7,gf,1.265,mm,OK,--,9:27:13 PM,5/25/2022,
2009,51.8,gf,1.260,mm,OK,--,9:27:14 PM,5/25/2022,
2010,51.8,gf,1.255,mm,OK,--,9:27:14 PM,5/25/2022,
2011,52.0,gf,1.255,mm,OK,--,9:27:14 PM,5/25/2022,
2012,52.3,gf,1.255,mm,OK,--,9:27:14 PM,5/25/2022,
2013,52.5,gf,1.255,mm,OK,--,9:27:14 PM,5/25/2022,
2014,52.6,gf,1.255,mm,OK,--,9:27:14 PM,5/25/2022,
2015,52.6,gf,1.255,mm,OK,--,9:27:14 PM,5/25/2022,
2016,52.2,gf,1.255,mm,OK,--,9:27:14 PM,5/25/2022,
2017,52.1,gf,1.255,mm,OK,--,9:27:14 PM,5/25/2022,
2018,51.6,gf,1.250,mm,OK,--,9:27:14 PM,5/25/2022,
2019,51.7,gf,1.250,mm,OK,--,9:27:15 PM,5/25/2022,
2020,51.9,gf,1.245,mm,OK,--,9:27:15 PM,5/25/2022,
2021,51.5,gf,1.245,mm,OK,--,9:27:15 PM,5/25/2022,
2022,51.0,gf,1.225,mm,OK,--,9:27:15 PM,5/25/2022,
2023,51.9,gf,1.220,mm,OK,--,9:27:15 PM,5/25/2022,
2024,52.5,gf,1.220,mm,OK,--,9:27:15 PM,5/25/2022,
2025,52.5,gf,1.220,mm,OK,--,9:27:15 PM,5/25/2022,
2026,52.5,gf,1.220,mm,OK,--,9:27:15 PM,5/25/2022,
2027,51.8,gf,1.220,mm,OK,--,9:27:15 PM,5/25/2022,
2028,51.1,gf,1.215,mm,OK,--,9:27:15 PM,5/25/2022,
2029,51.0,gf,1.210,mm,OK,--,9:27:16 PM,5/25/2022,
2030,51.1,gf,1.205,mm,OK,--,9:27:16 PM,5/25/2022,
2031,51.0,gf,1.205,mm,OK,--,9:27:16 PM,5/25/2022,
2032,50.7,gf,1.200,mm,OK,--,9:27:16 PM,5/25/2022,
2033,50.6,gf,1.190,mm,OK,--,9:27:16 PM,5/25/2022,
2034,50.5,gf,1.180,mm,OK,--,9:27:16 PM,5/25/2022,
2035,50.4,gf,1.170,mm,OK,--,9:27:16 PM,5/25/2022,
2036,50.5,gf,1.155,mm,OK,--,9:27:16 PM,5/25/2022,
2037,50.2,gf,1.145,mm,OK,--,9:27:16 PM,5/25/2022,
2038,50.3,gf,1.135,mm,OK,--,9:27:16 PM,5/25/2022,
2039,50.1,gf,1.125,mm,OK,--,9:27:17 PM,5/25/2022,
2040,49.9,gf,1.115,mm,OK,--,9:27:17 PM,5/25/2022,
2041,49.6,gf,1.105,mm,OK,--,9:27:17 PM,5/25/2022,
2042,49.6,gf,1.095,mm,OK,--,9:27:17 PM,5/25/2022,
2043,49.7,gf,1.090,mm,OK,--,9:27:17 PM,5/25/2022,
2044,49.7,gf,1.080,mm,OK,--,9:27:17 PM,5/25/2022,
2045,49.7,gf,1.075,mm,OK,--,9:27:17 PM,5/25/2022,
2046,49.5,gf,1.070,mm,OK,--,9:27:17 PM,5/25/2022,
2047,49.5,gf,1.065,mm,OK,--,9:27:17 PM,5/25/2022,
2048,49.4,gf,1.055,mm,OK,--,9:27:17 PM,5/25/2022,
2049,49.4,gf,1.050,mm,OK,--,9:27:18 PM,5/25/2022,
2050,49.4,gf,1.045,mm,OK,--,9:27:18 PM,5/25/2022,
2051,49.4,gf,1.040,mm,OK,--,9:27:18 PM,5/25/2022,
2052,49.2,gf,1.030,mm,OK,--,9:27:18 PM,5/25/2022,
2053,49.2,gf,1.025,mm,OK,--,9:27:18 PM,5/25/2022,
2054,49.2,gf,1.020,mm,OK,--,9:27:18 PM,5/25/2022,
2055,49.2,gf,1.020,mm,OK,--,9:27:18 PM,5/25/2022,
2056,48.9,gf,1.010,mm,OK,--,9:27:18 PM,5/25/2022,
2057,48.8,gf,1.000,mm,OK,--,9:27:18 PM,5/25/2022,
2058,49.0,gf,0.995,mm,OK,--,9:27:18 PM,5/25/2022,
2059,48.9,gf,0.985,mm,OK,--,9:27:19 PM,5/25/2022,
2060,48.9,gf,0.980,mm,OK,--,9:27:19 PM,5/25/2022,
2061,48.8,gf,0.970,mm,OK,--,9:27:19 PM,5/25/2022,
2062,48.8,gf,0.965,mm,OK,--,9:27:19 PM,5/25/2022,
2063,48.6,gf,0.955,mm,OK,--,9:27:19 PM,5/25/2022,
2064,48.5,gf,0.950,mm,OK,--,9:27:19 PM,5/25/2022,
2065,48.4,gf,0.945,mm,OK,--,9:27:19 PM,5/25/2022,
2066,48.4,gf,0.940,mm,OK,--,9:27:19 PM,5/25/2022,
2067,48.3,gf,0.935,mm,OK,--,9:27:19 PM,5/25/2022,
2068,48.3,gf,0.930,mm,OK,--,9:27:19 PM,5/25/2022,
2069,48.2,gf,0.925,mm,OK,--,9:27:20 PM,5/25/2022,
2070,48.0,gf,0.920,mm,OK,--,9:27:20 PM,5/25/2022,
2071,47.9,gf,0.915,mm,OK,--,9:27:20 PM,5/25/2022,
2072,47.8,gf,0.910,mm,OK,--,9:27:20 PM,5/25/2022,
2073,47.9,gf,0.905,mm,OK,--,9:27:20 PM,5/25/2022,
2074,47.8,gf,0.900,mm,OK,--,9:27:20 PM,5/25/2022,
2075,47.9,gf,0.890,mm,OK,--,9:27:20 PM,5/25/2022,
2076,48.0,gf,0.885,mm,OK,--,9:27:20 PM,5/25/2022,
2077,47.9,gf,0.880,mm,OK,--,9:27:20 PM,5/25/2022,
2078,47.9,gf,0.875,mm,OK,--,9:27:20 PM,5/25/2022,
2079,47.8,gf,0.870,mm,OK,--,9:27:21 PM,5/25/2022,
2080,47.8,gf,0.870,mm,OK,--,9:27:21 PM,5/25/2022,
2081,47.5,gf,0.865,mm,OK,--,9:27:21 PM,5/25/2022,
2082,47.4,gf,0.855,mm,OK,--,9:27:21 PM,5/25/2022,
2083,47.6,gf,0.850,mm,OK,--,9:27:21 PM,5/25/2022,
2084,47.5,gf,0.845,mm,OK,--,9:27:21 PM,5/25/2022,
2085,47.4,gf,0.840,mm,OK,--,9:27:21 PM,5/25/2022,
2086,47.0,gf,0.830,mm,OK,--,9:27:21 PM,5/25/2022,
2087,47.4,gf,0.820,mm,OK,--,9:27:21 PM,5/25/2022,
2088,47.5,gf,0.810,mm,OK,--,9:27:21 PM,5/25/2022,
2089,47.7,gf,0.800,mm,OK,--,9:27:22 PM,5/25/2022,
2090,47.5,gf,0.795,mm,OK,--,9:27:22 PM,5/25/2022,
2091,47.3,gf,0.785,mm,OK,--,9:27:22 PM,5/25/2022,
2092,47.1,gf,0.775,mm,OK,--,9:27:22 PM,5/25/2022,
2093,47.0,gf,0.765,mm,OK,--,9:27:22 PM,5/25/2022,
2094,46.9,gf,0.755,mm,OK,--,9:27:22 PM,5/25/2022,
2095,46.7,gf,0.750,mm,OK,--,9:27:22 PM,5/25/2022,
2096,46.7,gf,0.740,mm,OK,--,9:27:22 PM,5/25/2022,
2097,46.5,gf,0.735,mm,OK,--,9:27:22 PM,5/25/2022,
2098,46.4,gf,0.725,mm,OK,--,9:27:22 PM,5/25/2022,
2099,46.4,gf,0.720,mm,OK,--,9:27:23 PM,5/25/2022,
2100,46.3,gf,0.715,mm,OK,--,9:27:23 PM,5/25/2022,
2101,46.3,gf,0.710,mm,OK,--,9:27:23 PM,5/25/2022,
2102,46.2,gf,0.705,mm,OK,--,9:27:23 PM,5/25/2022,
2103,46.1,gf,0.705,mm,OK,--,9:27:23 PM,5/25/2022,
2104,46.1,gf,0.700,mm,OK,--,9:27:23 PM,5/25/2022,
2105,46.1,gf,0.695,mm,OK,--,9:27:23 PM,5/25/2022,
2106,46.1,gf,0.690,mm,OK,--,9:27:23 PM,5/25/2022,
2107,45.9,gf,0.690,mm,OK,--,9:27:23 PM,5/25/2022,
2108,45.5,gf,0.680,mm,OK,--,9:27:23 PM,5/25/2022,
2109,45.6,gf,0.675,mm,OK,--,9:27:24 PM,5/25/2022,
2110,45.6,gf,0.670,mm,OK,--,9:27:24 PM,5/25/2022,
2111,45.6,gf,0.660,mm,OK,--,9:27:24 PM,5/25/2022,
2112,45.6,gf,0.655,mm,OK,--,9:27:24 PM,5/25/2022,
2113,45.4,gf,0.650,mm,OK,--,9:27:24 PM,5/25/2022,
2114,45.4,gf,0.645,mm,OK,--,9:27:24 PM,5/25/2022,
2115,45.3,gf,0.645,mm,OK,--,9:27:24 PM,5/25/2022,
2116,45.2,gf,0.640,mm,OK,--,9:27:24 PM,5/25/2022,
2117,45.1,gf,0.635,mm,OK,--,9:27:24 PM,5/25/2022,
2118,45.1,gf,0.625,mm,OK,--,9:27:24 PM,5/25/2022,
2119,45.0,gf,0.620,mm,OK,--,9:27:25 PM,5/25/2022,
2120,45.0,gf,0.615,mm,OK,--,9:27:25 PM,5/25/2022,
2121,44.9,gf,0.615,mm,OK,--,9:27:25 PM,5/25/2022,
2122,44.9,gf,0.610,mm,OK,--,9:27:25 PM,5/25/2022,
2123,44.8,gf,0.605,mm,OK,--,9:27:25 PM,5/25/2022,
2124,44.7,gf,0.600,mm,OK,--,9:27:25 PM,5/25/2022,
2125,44.6,gf,0.595,mm,OK,--,9:27:25 PM,5/25/2022,
2126,44.7,gf,0.590,mm,OK,--,9:27:25 PM,5/25/2022,
2127,45.0,gf,0.590,mm,OK,--,9:27:25 PM,5/25/2022,
2128,44.8,gf,0.585,mm,OK,--,9:27:25 PM,5/25/2022,
2129,44.7,gf,0.580,mm,OK,--,9:27:26 PM,5/25/2022,
2130,44.7,gf,0.575,mm,OK,--,9:27:26 PM,5/25/2022,
2131,44.8,gf,0.575,mm,OK,--,9:27:26 PM,5/25/2022,
2132,44.7,gf,0.570,mm,OK,--,9:27:26 PM,5/25/2022,
2133,44.8,gf,0.565,mm,OK,--,9:27:26 PM,5/25/2022,
2134,44.7,gf,0.560,mm,OK,--,9:27:26 PM,5/25/2022,
2135,44.7,gf,0.550,mm,OK,--,9:27:26 PM,5/25/2022,
2136,45.0,gf,0.545,mm,OK,--,9:27:26 PM,5/25/2022,
2137,44.8,gf,0.540,mm,OK,--,9:27:26 PM,5/25/2022,
2138,44.9,gf,0.535,mm,OK,--,9:27:26 PM,5/25/2022,
2139,44.8,gf,0.530,mm,OK,--,9:27:27 PM,5/25/2022,
2140,44.7,gf,0.525,mm,OK,--,9:27:27 PM,5/25/2022,
2141,44.9,gf,0.520,mm,OK,--,9:27:27 PM,5/25/2022,
2142,45.1,gf,0.515,mm,OK,--,9:27:27 PM,5/25/2022,
2143,44.9,gf,0.510,mm,OK,--,9:27:27 PM,5/25/2022,
2144,44.7,gf,0.505,mm,OK,--,9:27:27 PM,5/25/2022,
2145,44.6,gf,0.500,mm,OK,--,9:27:27 PM,5/25/2022,
2146,44.3,gf,0.495,mm,OK,--,9:27:27 PM,5/25/2022,
2147,44.1,gf,0.495,mm,OK,--,9:27:27 PM,5/25/2022,
2148,43.7,gf,0.490,mm,OK,--,9:27:27 PM,5/25/2022,
2149,43.5,gf,0.485,mm,OK,--,9:27:28 PM,5/25/2022,
2150,41.8,gf,0.480,mm,OK,--,9:27:28 PM,5/25/2022,
2151,38.0,gf,0.475,mm,OK,--,9:27:28 PM,5/25/2022,
2152,33.8,gf,0.470,mm,OK,--,9:27:28 PM,5/25/2022,
2153,30.7,gf,0.465,mm,OK,--,9:27:28 PM,5/25/2022,
2154,27.3,gf,0.460,mm,OK,--,9:27:28 PM,5/25/2022,
2155,24.5,gf,0.460,mm,OK,--,9:27:28 PM,5/25/2022,
2156,21.3,gf,0.455,mm,OK,--,9:27:28 PM,5/25/2022,
2157,18.8,gf,0.455,mm,OK,--,9:27:28 PM,5/25/2022,
2158,16.9,gf,0.450,mm,OK,--,9:27:28 PM,5/25/2022,
2159,15.0,gf,0.450,mm,OK,--,9:27:29 PM,5/25/2022,
2160,12.9,gf,0.450,mm,OK,--,9:27:29 PM,5/25/2022,
2161,11.1,gf,0.445,mm,OK,--,9:27:29 PM,5/25/2022,
2162,9.4,gf,0.445,mm,OK,--,9:27:29 PM,5/25/2022,
2163,7.8,gf,0.445,mm,OK,--,9:27:29 PM,5/25/2022,
2164,6.4,gf,0.440,mm,OK,--,9:27:29 PM,5/25/2022,
2165,5.4,gf,0.440,mm,OK,--,9:27:29 PM,5/25/2022,
2166,4.3,gf,0.440,mm,OK,--,9:27:29 PM,5/25/2022,
2167,2.9,gf,0.435,mm,OK,--,9:27:29 PM,5/25/2022,
2168,1.6,gf,0.435,mm,OK,--,9:27:29 PM,5/25/2022,
2169,0.1,gf,0.430,mm,OK,--,9:27:30 PM,5/25/2022,
2170,0.1,gf,0.430,mm,OK,--,9:27:30 PM,5/25/2022,
2171,0.0,gf,0.430,mm,OK,--,9:27:30 PM,5/25/2022,
2172,0.1,gf,0.425,mm,OK,--,9:27:30 PM,5/25/2022,
2173,0.2,gf,0.425,mm,OK,--,9:27:30 PM,5/25/2022,
2174,0.1,gf,0.425,mm,OK,--,9:27:30 PM,5/25/2022,
2175,0.0,gf,0.420,mm,OK,--,9:27:30 PM,5/25/2022,
2176,0.0,gf,0.420,mm,OK,--,9:27:30 PM,5/25/2022,
2177,0.1,gf,0.415,mm,OK,--,9:27:30 PM,5/25/2022,
2178,0.1,gf,0.415,mm,OK,--,9:27:30 PM,5/25/2022,
2179,0.0,gf,0.410,mm,OK,--,9:27:31 PM,5/25/2022,
2180,0.0,gf,0.410,mm,OK,--,9:27:31 PM,5/25/2022,
2181,0.2,gf,0.410,mm,OK,--,9:27:31 PM,5/25/2022,
2182,0.1,gf,0.405,mm,OK,--,9:27:31 PM,5/25/2022,
2183,0.1,gf,0.405,mm,OK,--,9:27:31 PM,5/25/2022,
2184,0.0,gf,0.400,mm,OK,--,9:27:31 PM,5/25/2022,
2185,0.1,gf,0.400,mm,OK,--,9:27:31 PM,5/25/2022,
2186,0.1,gf,0.395,mm,OK,--,9:27:31 PM,5/25/2022,
2187,-0.1,gf,0.390,mm,OK,--,9:27:31 PM,5/25/2022,
2188,0.1,gf,0.385,mm,OK,--,9:27:31 PM,5/25/2022,
2189,0.1,gf,0.385,mm,OK,--,9:27:32 PM,5/25/2022,
2190,0.2,gf,0.380,mm,OK,--,9:27:32 PM,5/25/2022,
2191,0.0,gf,0.375,mm,OK,--,9:27:32 PM,5/25/2022,
2192,0.0,gf,0.365,mm,OK,--,9:27:32 PM,5/25/2022,
2193,0.0,gf,0.360,mm,OK,--,9:27:32 PM,5/25/2022,
2194,0.1,gf,0.355,mm,OK,--,9:27:32 PM,5/25/2022,
2195,0.1,gf,0.340,mm,OK,--,9:27:32 PM,5/25/2022,
2196,0.0,gf,0.320,mm,OK,--,9:27:32 PM,5/25/2022,
2197,0.0,gf,0.295,mm,OK,--,9:27:32 PM,5/25/2022,
2198,0.1,gf,0.280,mm,OK,--,9:27:32 PM,5/25/2022,
2199,0.2,gf,0.270,mm,OK,--,9:27:33 PM,5/25/2022,
2200,0.1,gf,0.260,mm,OK,--,9:27:33 PM,5/25/2022,
2201,-0.1,gf,0.245,mm,OK,--,9:27:33 PM,5/25/2022,
2202,-0.1,gf,0.235,mm,OK,--,9:27:33 PM,5/25/2022,
2203,0.2,gf,0.220,mm,OK,--,9:27:33 PM,5/25/2022,
2204,0.1,gf,0.205,mm,OK,--,9:27:33 PM,5/25/2022,
2205,0.0,gf,0.185,mm,OK,--,9:27:33 PM,5/25/2022,
2206,-0.1,gf,0.165,mm,OK,--,9:27:33 PM,5/25/2022,
2207,0.0,gf,0.140,mm,OK,--,9:27:33 PM,5/25/2022,
2208,0.2,gf,0.115,mm,OK,--,9:27:33 PM,5/25/2022,
2209,0.1,gf,0.090,mm,OK,--,9:27:34 PM,5/25/2022,
2210,-0.1,gf,0.070,mm,OK,--,9:27:34 PM,5/25/2022,
2211,0.0,gf,0.060,mm,OK,--,9:27:34 PM,5/25/2022,
2212,0.1,gf,0.055,mm,OK,--,9:27:34 PM,5/25/2022,
2213,0.1,gf,0.035,mm,OK,--,9:27:34 PM,5/25/2022,
2214,0.0,gf,0.030,mm,OK,--,9:27:34 PM,5/25/2022,
2215,0.0,gf,0.025,mm,OK,--,9:27:34 PM,5/25/2022,
2216,0.0,gf,0.020,mm,OK,--,9:27:34 PM,5/25/2022,
2217,0.0,gf,0.010,mm,OK,--,9:27:34 PM,5/25/2022,
2218,0.1,gf,0.005,mm,OK,--,9:27:34 PM,5/25/2022,
2219,0.1,gf,0.000,mm,OK,--,9:27:35 PM,5/25/2022,
2220,0.0,gf,0.000,mm,OK,--,9:27:35 PM,5/25/2022,
2221,-0.1,gf,0.000,mm,OK,--,9:27:35 PM,5/25/2022,
2222,-0.2,gf,0.005,mm,OK,--,9:27:35 PM,5/25/2022,
2223,0.1,gf,0.005,mm,OK,--,9:27:35 PM,5/25/2022,
2224,0.0,gf,0.005,mm,OK,--,9:27:35 PM,5/25/2022,
2225,0.0,gf,0.005,mm,OK,--,9:27:35 PM,5/25/2022,
2226,0.0,gf,0.005,mm,OK,--,9:27:35 PM,5/25/2022,
2227,0.1,gf,0.005,mm,OK,--,9:27:35 PM,5/25/2022,
2228,0.1,gf,0.005,mm,OK,--,9:27:35 PM,5/25/2022,
2229,-0.1,gf,0.010,mm,OK,--,9:27:36 PM,5/25/2022,
2230,0.0,gf,0.010,mm,OK,--,9:27:36 PM,5/25/2022,
2231,0.0,gf,0.010,mm,OK,--,9:27:36 PM,5/25/2022,
2232,0.0,gf,0.010,mm,OK,--,9:27:36 PM,5/25/2022,
2233,0.2,gf,0.010,mm,OK,--,9:27:36 PM,5/25/2022,
2234,0.1,gf,0.010,mm,OK,--,9:27:36 PM,5/25/2022,
2235,0.1,gf,0.010,mm,OK,--,9:27:36 PM,5/25/2022,
2236,-0.1,gf,0.010,mm,OK,--,9:27:36 PM,5/25/2022,
2237,0.0,gf,0.010,mm,OK,--,9:27:36 PM,5/25/2022,
